0 31564
1 31383
2 31030
3 31021
4 30738
5 30987
6 30927
7 31022
8 31247
9 30921
10 31429
11 31256
12 31294
13 30648
14 30733
15 30756
16 30603
17 31050
18 31301
19 31753
20 31492
21 31764
22 31567
23 31807
24 31874
25 31938
26 31735
27 31568
28 31379
29 31493
30 31562
31 31259
32 31590
33 31131
34 31400
35 31395
36 31484
37 31138
38 30967
39 31371
40 30833
41 31244
42 31591
43 31359
44 31626
45 31801
46 31452
47 31509
48 31207
49 31565
50 31415
51 30863
52 31131
53 31311
54 31297
55 31252
56 31498
57 29469
58 30409
59 31018
60 31328
61 31232
62 31418
63 31249
64 31493
65 31206
66 31357
67 31224
68 30634
69 30837
70 30620
71 30288
72 30441
73 30103
74 30248
75 30056
76 29875
77 29755
78 29490
79 28964
80 28880
81 28858
82 28935
83 29507
84 30213
85 30092
86 30317
87 30401
88 30605
89 30534
90 30556
91 30178
92 30357
93 30371
94 30608
95 29056
96 31022
97 31236
98 31382
99 31687
100 31709
101 31583
102 31550
103 31316
104 31787
105 31525
106 31683
107 32004
108 31548
109 31331
110 31885
111 31810
112 31684
113 31507
114 31721
115 31756
116 31310
117 31411
118 31461
119 31423
120 31588
121 31330
122 31276
123 31446
124 31570
125 31542
126 31236
127 31374
128 31060
129 31157
130 30811
131 31073
132 31019
133 30909
134 30830
135 30852
136 30999
137 30805
138 30571
139 30579
140 30622
141 30585
142 30447
143 30253
144 30378
145 30102
146 30193
147 30551
148 30788
149 30930
150 30908
151 30848
152 30852
153 31252
154 31516
155 31123
156 31203
157 31458
158 31177
159 31227
160 31244
161 31463
162 31175
163 31391
164 31360
165 31629
166 31479
167 31366
168 31259
169 31799
170 31804
171 31446
172 31408
173 31483
174 31296
175 31917
176 31495
177 31281
178 30911
179 31198
180 30785
181 30967
182 30779
183 30704
184 30667
185 30612
186 30051
187 30161
188 30172
189 29837
190 29678
191 29724
192 30033
193 29823
194 30326
195 30219
196 29836
197 29992
198 29900
199 30096
200 30111
201 30492
202 30667
203 30891
204 30790
205 31200
206 31090
207 31256
208 31125
209 31557
210 31195
211 30859
212 30707
213 30758
214 30573
215 29721
216 30071
217 29929
218 29846
219 30209
220 30224
221 30195
222 29605
223 29915
224 29628
225 28913
226 29071
227 29296
228 29531
229 30253
230 30342
231 30762
232 30498
233 30151
234 30224
235 30154
236 29452
237 29314
238 29045
239 28634
240 28378
241 27962
242 27991
243 27782
244 27612
245 27556
246 27349
247 27179
248 26944
249 26493
250 26295
251 26855
252 27198
253 27708
254 28615
255 29637
256 29857
257 30308
258 29155
259 30638
260 30687
261 31038
262 30865
263 30718
264 31268
265 31010
266 30906
267 31253
268 30866
269 30964
270 31083
271 30752
272 30820
273 31148
274 30791
275 30427
276 30461
277 30137
278 29920
279 30010
280 29836
281 29845
282 29894
283 29784
284 29767
285 29739
286 29345
287 29660
288 28877
289 28918
290 29166
291 29106
292 29086
293 29245
294 29689
295 29666
296 29562
297 29420
298 29647
299 29360
300 29037
301 28447
302 28383
303 27930
304 27782
305 27600
306 27796
307 28179
308 28605
309 28762
310 29048
311 28595
312 28667
313 28271
314 28048
315 28390
316 28681
317 29374
318 29716
319 30339
320 30401
321 30960
322 31012
323 31146
324 30982
325 31036
326 30585
327 30718
328 30533
329 30842
330 30923
331 30929
332 30752
333 30981
334 30490
335 30626
336 30146
337 30481
338 30192
339 30542
340 30270
341 30226
342 30619
343 30585
344 30340
345 30066
346 30227
347 29888
348 30151
349 30253
350 30637
351 30469
352 30513
353 30745
354 30733
355 31065
356 30680
357 30842
358 30622
359 30672
360 30464
361 30229
362 30501
363 30397
364 30276
365 30039
366 30131
367 30200
368 29907
369 29649
370 29453
371 29490
372 29259
373 29631
374 29718
375 29644
376 29290
377 29615
378 29574
379 29337
380 29634
381 29808
382 29843
383 29799
384 29647
385 29264
386 29111
387 28944
388 28920
389 28661
390 29449
391 29658
392 30232
393 30406
394 30641
395 30583
396 30860
397 30804
398 30533
399 30398
400 29848
401 30005
402 29765
403 29365
404 29519
405 29224
406 29299
407 29242
408 29521
409 29432
410 29083
411 28817
412 28164
413 28395
414 28401
415 28447
416 28449
417 29345
418 30016
419 29530
420 29943
421 30028
422 30050
423 29966
424 30247
425 30109
426 30140
427 30348
428 29829
429 29906
430 29793
431 29933
432 29628
433 29891
434 29970
435 30059
436 30209
437 30293
438 29878
439 30542
440 30233
441 30378
442 29816
443 30118
444 30024
445 29617
446 29623
447 29504
448 29369
449 29131
450 29273
451 29394
452 29580
453 29282
454 29108
455 28699
456 28595
457 28757
458 28683
459 28854
460 28618
461 28482
462 28118
463 27682
464 27575
465 27101
466 27164
467 26965
468 27490
469 27213
470 27055
471 26187
472 26219
473 25494
474 25294
475 25302
476 26259
477 27137
478 27773
479 28809
480 28904
481 29440
482 29299
483 29021
484 29207
485 29299
486 28892
487 28891
488 29057
489 29068
490 29079
491 28860
492 29059
493 28514
494 28433
495 28157
496 28253
497 28626
498 28874
499 29274
500 29577
501 30115
502 30071
503 29825
504 30352
505 29732
506 29727
507 29689
508 29410
509 29095
510 29166
511 28806
512 28528
513 28415
514 28582
515 28819
516 28312
517 28305
518 27637
519 27282
520 26714
521 26586
522 27189
523 27004
524 27435
525 27912
526 27241
527 28274
528 28470
529 28582
530 28371
531 28470
532 28010
533 28332
534 28326
535 28543
536 28947
537 29037
538 29510
539 29693
540 29966
541 30186
542 30158
543 30126
544 30285
545 30365
546 30401
547 30455
548 30160
549 30394
550 30033
551 30423
552 30333
553 30392
554 30085
555 30088
556 29962
557 30193
558 30051
559 29987
560 29970
561 29914
562 30261
563 30144
564 29982
565 30184
566 30034
567 29987
568 29996
569 29849
570 29978
571 29949
572 29988
573 30033
574 29768
575 29904
576 30002
577 29773
578 29955
579 29317
580 29258
581 28655
582 28383
583 27490
584 26904
585 26115
586 26136
587 25493
588 19910
589 24864
590 25009
591 24334
592 24306
593 23801
594 23413
595 23148
596 22583
597 23214
598 23889
599 24852
600 25806
601 26569
602 27201
603 27765
604 27936
605 28572
606 28404
607 28946
608 28866
609 28302
610 28254
611 27886
612 28146
613 28094
614 27822
615 27828
616 27708
617 27210
618 26711
619 26892
620 26636
621 26305
622 26254
623 26071
624 25372
625 25370
626 24589
627 24107
628 23789
629 24017
630 24616
631 25503
632 26617
633 27097
634 27528
635 27900
636 27603
637 27916
638 28383
639 28733
640 29554
641 29701
642 29892
643 29985
644 30360
645 30174
646 30112
647 30094
648 30345
649 30071
650 29984
651 30235
652 30100
653 30042
654 30273
655 30030
656 30125
657 29953
658 30004
659 29878
660 29800
661 29839
662 29900
663 29881
664 29808
665 30235
666 29959
667 30045
668 30190
669 29885
670 30224
671 30105
672 29819
673 30143
674 30177
675 30086
676 30433
677 30224
678 30339
679 30297
680 30137
681 30079
682 30414
683 30242
684 30047
685 30241
686 30148
687 29964
688 30066
689 29917
690 30181
691 30236
692 30383
693 30244
694 30281
695 30158
696 30230
697 30080
698 30687
699 30651
700 30305
701 30802
702 30525
703 30412
704 30294
705 30580
706 30193
707 30204
708 30354
709 30268
710 30314
711 30074
712 29837
713 30109
714 30118
715 30013
716 29996
717 30031
718 29719
719 29562
720 29811
721 29484
722 29719
723 29678
724 29797
725 29776
726 29406
727 29392
728 29791
729 29569
730 29336
731 29380
732 28658
733 29232
734 29106
735 29204
736 28796
737 28955
738 29112
739 29704
740 29574
741 30018
742 29944
743 30368
744 30244
745 30160
746 30229
747 30066
748 30112
749 30045
750 29154
751 29256
752 29348
753 29539
754 29303
755 29592
756 29591
757 29421
758 29340
759 29391
760 28991
761 29140
762 28913
763 29135
764 29514
765 29447
766 29781
767 30178
768 30148
769 30212
770 30492
771 30375
772 30397
773 30279
774 30262
775 30563
776 30360
777 30527
778 30222
779 30218
780 30187
781 30294
782 30300
783 30149
784 30359
785 30447
786 30227
787 30511
788 30226
789 30369
790 30122
791 29846
792 29970
793 30278
794 29985
795 29784
796 30261
797 30094
798 29921
799 29907
800 30001
801 30308
802 29782
803 29947
804 29822
805 29944
806 29969
807 29924
808 29822
809 30031
810 29967
811 30414
812 29797
813 29885
814 30244
815 30274
816 30178
817 30247
818 30123
819 30252
820 30345
821 29964
822 30285
823 30247
824 30334
825 29727
826 30039
827 30261
828 30014
829 30030
830 29845
831 30282
832 30037
833 29883
834 29829
835 29966
836 29891
837 29643
838 29735
839 29770
840 29767
841 29857
842 29799
843 30170
844 29825
845 29943
846 29779
847 30085
848 29826
849 29854
850 29597
851 29803
852 29843
853 29649
854 29661
855 29508
856 29631
857 29336
858 29285
859 29265
860 29190
861 29086
862 28909
863 28898
864 29124
865 28722
866 29062
867 28143
868 28092
869 28247
870 28138
871 27820
872 27690
873 28075
874 28256
875 28450
876 28739
877 28861
878 29017
879 28901
880 29189
881 29164
882 28845
883 28802
884 28465
885 28368
886 28534
887 28496
888 28787
889 28790
890 28698
891 29042
892 29508
893 28913
894 28805
895 28470
896 28741
897 28877
898 28953
899 29192
900 29086
901 29647
902 29618
903 29644
904 29375
905 29690
906 29742
907 29317
908 29638
909 29154
910 29202
911 28978
912 29059
913 28650
914 28539
915 28039
916 28034
917 27984
918 27927
919 28401
920 28322
921 28505
922 27708
923 27791
924 27941
925 28132
926 28037
927 28071
928 28566
929 29316
930 29189
931 29484
932 29745
933 29944
934 29837
935 29690
936 29901
937 29378
938 29481
939 29704
940 29751
941 29626
942 29885
943 29536
944 29389
945 29675
946 29265
947 29392
948 29521
949 29111
950 29262
951 29091
952 29576
953 29614
954 29479
955 29638
956 29481
957 29270
958 29111
959 29453
960 29597
961 29352
962 29377
963 29586
964 29430
965 29253
966 29730
967 29519
968 29559
969 29621
970 29455
971 29550
972 29355
973 29658
974 29618
975 29800
976 29680
977 29874
978 29608
979 29898
980 29562
981 30297
982 29973
983 29936
984 29608
985 29569
986 30051
987 30080
988 30014
989 29784
990 29866
991 29895
992 29706
993 29999
994 29704
995 29878
996 29689
997 30097
998 29753
999 29912
1000 29643
1001 29689
1002 29634
1003 29727
1004 29320
1005 29189
1006 29438
1007 29611
1008 29254
1009 29410
1010 29401
1011 29201
1012 29236
1013 28550
1014 28253
1015 28152
1016 28001
1017 27453
1018 27140
1019 26693
1020 26606
1021 26491
1022 26548
1023 26537
1024 26490
1025 26143
1026 25696
1027 25532
1028 24951
1029 24694
1030 24765
1031 25416
1032 25780
1033 26655
1034 27109
1035 27681
1036 27612
1037 27583
1038 27355
1039 27072
1040 26568
1041 26840
1042 26586
1043 26210
1044 26701
1045 26656
1046 26135
1047 26612
1048 26010
1049 25906
1050 25292
1051 25639
1052 25535
1053 25632
1054 26117
1055 26514
1056 26459
1057 26962
1058 27375
1059 32766
1060 27819
1061 27540
1062 27635
1063 27756
1064 27912
1065 27176
1066 27130
1067 27375
1068 27187
1069 27247
1070 27329
1071 27997
1072 28320
1073 28426
1074 28259
1075 28531
1076 28790
1077 28303
1078 28863
1079 28783
1080 28572
1081 28571
1082 28097
1083 28149
1084 28033
1085 28190
1086 28689
1087 28817
1088 28939
1089 29054
1090 29209
1091 29253
1092 29297
1093 29774
1094 29372
1095 29121
1096 29305
1097 29210
1098 29276
1099 29340
1100 30105
1101 29244
1102 29008
1103 28868
1104 28464
1105 28727
1106 28488
1107 28514
1108 28380
1109 28264
1110 28331
1111 28051
1112 27543
1113 27988
1114 28089
1115 28245
1116 28394
1117 28274
1118 28522
1119 28213
1120 28644
1121 28748
1122 28657
1123 28176
1124 28300
1125 28112
1126 27687
1127 27429
1128 26701
1129 26219
1130 25719
1131 24103
1132 24742
1133 24753
1134 24945
1135 24742
1136 24470
1137 24202
1138 24005
1139 23046
1140 23150
1141 23408
1142 24014
1143 24658
1144 25612
1145 26389
1146 27366
1147 27594
1148 28033
1149 28193
1150 28202
1151 27829
1152 27458
1153 27455
1154 27236
1155 27273
1156 27314
1157 27332
1158 26903
1159 26948
1160 26938
1161 26444
1162 26592
1163 26361
1164 26638
1165 26719
1166 26786
1167 27033
1168 27311
1169 27608
1170 27776
1171 27852
1172 27644
1173 27644
1174 27803
1175 28025
1176 27970
1177 27608
1178 27231
1179 27335
1180 27155
1181 26906
1182 27305
1183 27270
1184 27418
1185 27797
1186 27748
1187 27970
1188 27609
1189 27640
1190 27623
1191 27585
1192 27574
1193 27738
1194 26840
1195 27944
1196 27716
1197 28231
1198 28420
1199 28241
1200 28183
1201 28088
1202 28046
1203 28316
1204 28514
1205 27589
1206 28878
1207 28811
1208 29138
1209 29328
1210 29258
1211 29536
1212 29438
1213 29417
1214 29606
1215 29614
1216 29410
1217 29259
1218 29420
1219 29199
1220 29392
1221 28299
1222 29406
1223 29245
1224 29377
1225 29254
1226 29261
1227 29322
1228 29274
1229 29329
1230 29346
1231 29034
1232 29323
1233 29293
1234 29360
1235 28958
1236 29426
1237 29195
1238 29198
1239 29247
1240 29459
1241 29403
1242 29291
1243 29300
1244 29326
1245 29271
1246 29409
1247 28965
1248 29296
1249 29406
1250 29261
1251 29322
1252 29559
1253 29560
1254 29625
1255 29900
1256 29658
1257 29776
1258 30091
1259 29533
1260 29940
1261 29632
1262 29553
1263 29583
1264 29481
1265 29524
1266 29317
1267 29043
1268 28366
1269 28848
1270 28612
1271 28647
1272 28800
1273 28646
1274 28270
1275 28332
1276 28193
1277 27916
1278 28126
1279 27860
1280 27768
1281 27767
1282 27241
1283 26929
1284 26641
1285 26149
1286 26140
1287 26213
1288 26089
1289 26065
1290 26236
1291 25736
1292 25271
1293 24961
1294 24927
1295 24841
1296 25519
1297 26526
1298 26952
1299 27991
1300 28598
1301 29189
1302 29238
1303 29641
1304 29592
1305 29683
1306 29972
1307 29860
1308 29826
1309 29635
1310 29573
1311 29654
1312 29787
1313 29730
1314 29759
1315 29744
1316 29562
1317 29117
1318 29098
1319 29111
1320 28982
1321 28707
1322 28579
1323 28635
1324 28418
1325 28684
1326 28540
1327 28225
1328 28290
1329 27812
1330 28293
1331 28082
1332 28427
1333 28175
1334 27682
1335 28733
1336 29262
1337 29089
1338 29245
1339 29473
1340 29247
1341 29508
1342 29592
1343 29308
1344 29313
1345 29199
1346 29378
1347 28973
1348 29351
1349 29521
1350 29306
1351 29514
1352 29316
1353 29034
1354 29540
1355 29187
1356 29342
1357 29560
1358 29285
1359 30158
1360 29961
