0 31640
1 31468
2 31348
3 31157
4 31026
5 31102
6 31149
7 31193
8 31235
9 31341
10 31211
11 31085
12 30835
13 30690
14 30396
15 30404
16 30658
17 30936
18 31347
19 31598
20 31858
21 32026
22 32103
23 32080
24 32016
25 31940
26 31851
27 31608
28 31683
29 31632
30 31591
31 31640
32 31564
33 31666
34 31711
35 31501
36 31439
37 31154
38 31010
39 30908
40 31045
41 31070
42 31272
43 31370
44 31562
45 31647
46 31486
47 31478
48 31408
49 31275
50 31194
51 31135
52 31196
53 31289
54 31452
55 31464
56 32766
57 31909
58 31249
59 31139
60 31170
61 31132
62 31126
63 31051
64 31016
65 30746
66 30553
67 30266
68 29940
69 29643
70 29467
71 29047
72 29179
73 29135
74 28955
75 28953
76 28589
77 28252
78 27688
79 27327
80 27057
81 27244
82 27724
83 28397
84 29116
85 29642
86 30158
87 30503
88 30822
89 30666
90 30642
91 30417
92 30562
93 30582
94 30769
95 31117
96 31524
97 31647
98 31767
99 31869
100 31807
101 31943
102 31969
103 32037
104 31946
105 31965
106 31938
107 32056
108 32035
109 31984
110 31951
111 31975
112 31891
113 31941
114 31766
115 31753
116 31640
117 31654
118 31462
119 31576
120 31407
121 31596
122 31695
123 31645
124 31416
125 31333
126 31334
127 31175
128 31219
129 31154
130 31128
131 31050
132 30974
133 30879
134 30905
135 30795
136 30858
137 30661
138 30712
139 30563
140 30476
141 30060
142 30038
143 29845
144 30353
145 29845
146 30148
147 30358
148 30499
149 30731
150 30914
151 30781
152 30987
153 31099
154 31332
155 31555
156 31775
157 31804
158 31815
159 31791
160 31746
161 31741
162 31674
163 31667
164 31736
165 31894
166 31801
167 31958
168 31943
169 31977
170 32027
171 31956
172 31889
173 31960
174 31910
175 31663
176 31545
177 31256
178 31172
179 31060
180 30855
181 30755
182 30829
183 30640
184 30328
185 30191
186 29973
187 29587
188 29159
189 29012
190 29096
191 29376
192 29636
193 29859
194 30141
195 30084
196 29963
197 29792
198 29981
199 30130
200 30379
201 30780
202 31163
203 31236
204 31533
205 31681
206 31640
207 31641
208 31642
209 31361
210 31378
211 31232
212 30764
213 30648
214 30483
215 30312
216 30247
217 30085
218 30306
219 30271
220 30373
221 30326
222 29843
223 29311
224 28982
225 28960
226 29065
227 29399
228 29920
229 30322
230 30552
231 30608
232 30517
233 30324
234 29993
235 29663
236 29099
237 28851
238 28551
239 28305
240 28165
241 27893
242 27702
243 27539
244 27443
245 27280
246 27051
247 26892
248 26650
249 26582
250 26782
251 27218
252 27673
253 28370
254 29187
255 29764
256 30441
257 31510
258 30954
259 31320
260 31364
261 31516
262 31404
263 31551
264 31564
265 31473
266 31482
267 31403
268 31225
269 31343
270 31097
271 31256
272 31016
273 30929
274 30777
275 30471
276 30177
277 29902
278 29879
279 29770
280 29680
281 29747
282 29780
283 29836
284 29681
285 29566
286 29206
287 28691
288 28129
289 28037
290 28154
291 28149
292 28389
293 28630
294 28756
295 28762
296 28956
297 28925
298 28747
299 28397
300 27842
301 27181
302 26664
303 26272
304 26082
305 26404
306 26988
307 27385
308 28009
309 28335
310 28420
311 28439
312 28223
313 27799
314 27927
315 28086
316 28544
317 29158
318 29751
319 30401
320 30826
321 31088
322 31280
323 31283
324 31425
325 31279
326 31241
327 31239
328 31345
329 31337
330 31334
331 31199
332 31203
333 31140
334 31035
335 30872
336 30950
337 30872
338 30861
339 30838
340 30827
341 30795
342 30860
343 30686
344 30631
345 30547
346 30434
347 30416
348 30475
349 30757
350 30761
351 30914
352 31045
353 30988
354 31016
355 30906
356 30789
357 30627
358 30372
359 30341
360 29962
361 30053
362 30043
363 29965
364 29963
365 29994
366 29871
367 29603
368 29459
369 29096
370 28919
371 29038
372 29138
373 29388
374 29424
375 29476
376 29492
377 29407
378 29342
379 29426
380 29568
381 29724
382 29827
383 29648
384 29398
385 29141
386 28563
387 28563
388 28647
389 29057
390 29526
391 30153
392 30394
393 30757
394 30874
395 31135
396 31002
397 30973
398 30857
399 30876
400 30374
401 30135
402 29581
403 29370
404 29424
405 29321
406 29480
407 29528
408 29432
409 29239
410 29091
411 28478
412 28119
413 27986
414 28256
415 29452
416 29178
417 29585
418 30064
419 30360
420 30364
421 30521
422 30607
423 30631
424 30751
425 30806
426 30760
427 30657
428 30623
429 30465
430 30520
431 30533
432 30433
433 30572
434 30818
435 30662
436 30774
437 30828
438 30843
439 30762
440 30635
441 30484
442 30310
443 30023
444 29737
445 29516
446 29250
447 29326
448 29199
449 29298
450 29213
451 29251
452 28982
453 28722
454 28249
455 27980
456 27877
457 28051
458 28226
459 28335
460 28407
461 28356
462 28163
463 27899
464 27892
465 27733
466 27670
467 27931
468 27922
469 27685
470 27382
471 26773
472 26249
473 26023
474 25988
475 26311
476 26934
477 27749
478 28507
479 29029
480 29408
481 29513
482 29549
483 29386
484 29279
485 28984
486 29141
487 29141
488 29286
489 29323
490 29355
491 29158
492 28770
493 28443
494 28139
495 28157
496 28370
497 28820
498 29360
499 29775
500 30222
501 30537
502 30553
503 30603
504 30455
505 30299
506 29992
507 29752
508 29308
509 29069
510 28763
511 28503
512 28506
513 28581
514 28621
515 28393
516 28331
517 27831
518 27309
519 26673
520 26217
521 26197
522 26494
523 27072
524 27535
525 29172
526 28506
527 28780
528 28987
529 28967
530 28852
531 28723
532 28696
533 28812
534 28952
535 29130
536 29513
537 29898
538 30189
539 30469
540 30673
541 30721
542 30741
543 30817
544 30815
545 30816
546 30740
547 30763
548 30759
549 30703
550 30778
551 30787
552 30644
553 30713
554 30571
555 30580
556 30541
557 30478
558 30391
559 30446
560 30475
561 30488
562 30582
563 30680
564 30766
565 30614
566 30570
567 30524
568 30368
569 30451
570 30482
571 30414
572 30393
573 30456
574 30493
575 30395
576 30350
577 30180
578 29897
579 29689
580 29226
581 28629
582 27984
583 27376
584 26811
585 26200
586 25810
587 27506
588 25461
589 25204
590 24957
591 24779
592 24280
593 23766
594 23361
595 23075
596 23213
597 23503
598 24250
599 24851
600 25703
601 26373
602 27192
603 27658
604 28092
605 28433
606 28674
607 28701
608 28661
609 28140
610 27758
611 27593
612 27457
613 27469
614 27407
615 27454
616 27348
617 27175
618 26913
619 26646
620 26620
621 26607
622 26331
623 26374
624 25562
625 24934
626 24313
627 23761
628 23652
629 23919
630 24606
631 25570
632 26306
633 26961
634 27153
635 27292
636 27728
637 27877
638 28298
639 28941
640 29451
641 29927
642 30256
643 30391
644 30515
645 30495
646 30590
647 30695
648 30629
649 30574
650 30627
651 30569
652 30634
653 30573
654 30499
655 30455
656 30434
657 30421
658 30312
659 30142
660 30120
661 30138
662 30172
663 30364
664 30302
665 30411
666 30378
667 30398
668 30317
669 30341
670 30303
671 30237
672 30452
673 30517
674 30525
675 30601
676 30625
677 30610
678 30553
679 30475
680 30554
681 30514
682 30445
683 30370
684 30476
685 30408
686 30513
687 30580
688 30359
689 30342
690 30340
691 30361
692 30537
693 30607
694 30555
695 30607
696 30641
697 30720
698 30818
699 30737
700 30737
701 30667
702 30770
703 30579
704 30657
705 30361
706 30281
707 30283
708 30261
709 30114
710 30111
711 30381
712 30138
713 30155
714 30046
715 29924
716 29848
717 29837
718 29676
719 29680
720 29624
721 29641
722 29722
723 29643
724 29494
725 29461
726 29323
727 29362
728 29198
729 29176
730 29234
731 29479
732 29222
733 29192
734 29041
735 28601
736 28388
737 28565
738 28883
739 29279
740 29652
741 29838
742 30190
743 30248
744 30581
745 30513
746 30342
747 30203
748 30164
749 29898
750 29887
751 29541
752 29321
753 29222
754 29312
755 29354
756 29455
757 29454
758 29275
759 29023
760 28648
761 28442
762 28545
763 28797
764 29207
765 29613
766 30054
767 30386
768 30457
769 30477
770 30567
771 30590
772 30641
773 30574
774 30796
775 30645
776 30761
777 30893
778 30606
779 30809
780 30615
781 30687
782 30479
783 30580
784 30590
785 30690
786 30620
787 30607
788 30568
789 30519
790 30572
791 30472
792 30444
793 30278
794 30346
795 30316
796 30397
797 30427
798 30423
799 30470
800 30415
801 30419
802 30426
803 30240
804 30285
805 30353
806 30300
807 30296
808 30462
809 30441
810 30435
811 30435
812 30415
813 30564
814 30474
815 30657
816 30670
817 30700
818 30515
819 30559
820 30465
821 30521
822 30548
823 30511
824 30359
825 30372
826 30353
827 30370
828 30237
829 30263
830 30460
831 30332
832 30252
833 30237
834 30176
835 30242
836 30139
837 30289
838 30211
839 30318
840 30181
841 30301
842 30238
843 30022
844 30096
845 29987
846 30006
847 30073
848 30044
849 30020
850 30069
851 30001
852 29932
853 29725
854 29511
855 29564
856 29332
857 29245
858 29260
859 29127
860 29024
861 29110
862 28942
863 29024
864 28987
865 29040
866 29510
867 29536
868 28700
869 28272
870 27935
871 27892
872 27813
873 28117
874 28495
875 28741
876 29029
877 29196
878 29351
879 29432
880 29458
881 29125
882 29062
883 28823
884 28626
885 28509
886 28619
887 28649
888 28770
889 28971
890 29088
891 29207
892 29223
893 28976
894 28691
895 28624
896 28687
897 28956
898 29352
899 29411
900 29812
901 29989
902 30080
903 30011
904 30099
905 30071
906 29933
907 29918
908 29811
909 29774
910 29638
911 29538
912 29252
913 29068
914 28836
915 28741
916 28669
917 28693
918 28908
919 28923
920 28981
921 29113
922 28884
923 28616
924 28440
925 28678
926 28845
927 29026
928 29417
929 29704
930 29972
931 30294
932 30269
933 30351
934 30319
935 30290
936 30350
937 30342
938 30394
939 30207
940 30262
941 30199
942 30195
943 30053
944 30011
945 29935
946 29909
947 29787
948 29677
949 29664
950 29698
951 29859
952 29839
953 29871
954 29809
955 29720
956 29673
957 29757
958 29651
959 29736
960 29761
961 29904
962 29826
963 29912
964 29833
965 29770
966 29846
967 29678
968 29557
969 29592
970 29623
971 29742
972 29900
973 29983
974 30139
975 30314
976 30299
977 30323
978 30357
979 30381
980 30414
981 30386
982 30589
983 30495
984 30474
985 30617
986 30524
987 30551
988 30431
989 30493
990 30527
991 30408
992 30532
993 30374
994 30536
995 30603
996 30487
997 30438
998 30262
999 30798
1000 30147
1001 30112
1002 29834
1003 29637
1004 29735
1005 29513
1006 29537
1007 29661
1008 29573
1009 29574
1010 29312
1011 29253
1012 28818
1013 28443
1014 28012
1015 27722
1016 27562
1017 27202
1018 26904
1019 26788
1020 26633
1021 26820
1022 26595
1023 26687
1024 26501
1025 26226
1026 25747
1027 25119
1028 24897
1029 24767
1030 24832
1031 25292
1032 25967
1033 26757
1034 27194
1035 27543
1036 27519
1037 27273
1038 26871
1039 26534
1040 26356
1041 26176
1042 26219
1043 26321
1044 26488
1045 26517
1046 26629
1047 26399
1048 26125
1049 25799
1050 25543
1051 25568
1052 25652
1053 25888
1054 26245
1055 26516
1056 26850
1057 27127
1058 29294
1059 27786
1060 28038
1061 28170
1062 28187
1063 28049
1064 27691
1065 27474
1066 27100
1067 27003
1068 27125
1069 27269
1070 27471
1071 27663
1072 27779
1073 27988
1074 27953
1075 28109
1076 28391
1077 28389
1078 28233
1079 28175
1080 27877
1081 27640
1082 27397
1083 27392
1084 27489
1085 27848
1086 28233
1087 28549
1088 28934
1089 29342
1090 29477
1091 29577
1092 29664
1093 29599
1094 29560
1095 29594
1096 29504
1097 29427
1098 29341
1099 29504
1100 28991
1101 28751
1102 28507
1103 28365
1104 28233
1105 28248
1106 28110
1107 28084
1108 27938
1109 27609
1110 27312
1111 27076
1112 27025
1113 27022
1114 27212
1115 27465
1116 27711
1117 27936
1118 28024
1119 28143
1120 28267
1121 28212
1122 28368
1123 28321
1124 28239
1125 27997
1126 27614
1127 27161
1128 26604
1129 25919
1130 25584
1131 25210
1132 25179
1133 25221
1134 25192
1135 24936
1136 24638
1137 24246
1138 23779
1139 23436
1140 23451
1141 23807
1142 24476
1143 25385
1144 26277
1145 27065
1146 27707
1147 28025
1148 28381
1149 28335
1150 28267
1151 28005
1152 27822
1153 27567
1154 27524
1155 27405
1156 27369
1157 27249
1158 27201
1159 27087
1160 26885
1161 26766
1162 26685
1163 26633
1164 26699
1165 26765
1166 26887
1167 26998
1168 27406
1169 27589
1170 27724
1171 27912
1172 28006
1173 28244
1174 28211
1175 28185
1176 27930
1177 27627
1178 27434
1179 27358
1180 27146
1181 27005
1182 27205
1183 27387
1184 27551
1185 27587
1186 27546
1187 27494
1188 27329
1189 27026
1190 26781
1191 26817
1192 26661
1193 26843
1194 26865
1195 26905
1196 27213
1197 27235
1198 27254
1199 27234
1200 27205
1201 27246
1202 27311
1203 27485
1204 28151
1205 28155
1206 28537
1207 28948
1208 29292
1209 29463
1210 29677
1211 29725
1212 29762
1213 29801
1214 29906
1215 29804
1216 29870
1217 29813
1218 30028
1219 29816
1220 29630
1221 29659
1222 29559
1223 29666
1224 29708
1225 29759
1226 29683
1227 29762
1228 29805
1229 29633
1230 29671
1231 29467
1232 29461
1233 29428
1234 29301
1235 29313
1236 29306
1237 29359
1238 29331
1239 29226
1240 29258
1241 29385
1242 29518
1243 29499
1244 29305
1245 29424
1246 29268
1247 29272
1248 29219
1249 29072
1250 29292
1251 29518
1252 29638
1253 29828
1254 29814
1255 30016
1256 30134
1257 30124
1258 30184
1259 29999
1260 30098
1261 30099
1262 29976
1263 29691
1264 29664
1265 29492
1266 29263
1267 29714
1268 28944
1269 28955
1270 28904
1271 28771
1272 28703
1273 28500
1274 28338
1275 28180
1276 28037
1277 27908
1278 27751
1279 27505
1280 27188
1281 26884
1282 26611
1283 26298
1284 26011
1285 25899
1286 25955
1287 26042
1288 26145
1289 26281
1290 26103
1291 25757
1292 25374
1293 25153
1294 25238
1295 25562
1296 25988
1297 26715
1298 27566
1299 28249
1300 28967
1301 29280
1302 29658
1303 29907
1304 29942
1305 30179
1306 30104
1307 29947
1308 30013
1309 30054
1310 30043
1311 30034
1312 29916
1313 29777
1314 29761
1315 29700
1316 29493
1317 29164
1318 28801
1319 28430
1320 28242
1321 28017
1322 27831
1323 27767
1324 27760
1325 27612
1326 27513
1327 27296
1328 27091
1329 27056
1330 27037
1331 27088
1332 27317
1333 27484
1334 27890
1335 28139
1336 28635
1337 29055
1338 29341
1339 29457
1340 29563
1341 29658
1342 29691
1343 29567
1344 29560
1345 29530
1346 29534
1347 29565
1348 29420
1349 29481
1350 29350
1351 29363
1352 29372
1353 29456
1354 29417
1355 29617
1356 29880
1357 30620
1358 30269
1359 30339
