0 26900
1 30086
2 30275
3 30039
4 29972
5 30312
6 30933
7 31404
8 31786
9 32028
10 31805
11 31679
12 31339
13 30916
14 30603
15 30373
16 30012
17 29648
18 29137
19 28021
20 27412
21 26299
22 26327
23 27100
24 27909
25 28200
26 28273
27 27807
28 27269
29 27340
30 27939
31 28908
32 29750
33 30413
34 30756
35 30923
36 30946
37 31177
38 30942
39 31084
40 30964
41 30862
42 30529
43 30227
44 29880
45 29562
46 29417
47 28903
48 28487
49 28284
50 27977
51 28002
52 28278
53 27933
54 27791
55 28172
56 29076
57 29901
58 30696
59 30942
60 31028
61 30785
62 30547
63 30136
64 29900
65 29636
66 29364
67 28801
68 27869
69 26701
70 25642
71 25130
72 25470
73 26346
74 27227
75 27558
76 27347
77 26892
78 26314
79 26297
80 26903
81 27768
82 28932
83 29734
84 30236
85 30381
86 30351
87 30257
88 29864
89 29843
90 29821
91 29974
92 30064
93 30011
94 29728
95 29165
96 28931
97 29045
98 29737
99 30428
100 30861
101 31535
102 31604
103 31651
104 31750
105 31646
106 31589
107 31442
108 31231
109 30828
110 30375
111 30028
112 29870
113 29712
114 29869
115 29912
116 30188
117 30382
118 30220
119 29869
120 29561
121 28962
122 28721
123 29146
124 29975
125 30550
126 31196
127 31275
128 31132
129 30909
130 30429
131 30122
132 29833
133 29474
134 29193
135 28647
136 28007
137 27213
138 26496
139 25677
140 25268
141 25429
142 26074
143 26619
144 26673
145 27129
146 27243
147 26917
148 27413
149 28256
150 29186
151 29929
152 30775
153 31338
154 31891
155 32118
156 32288
157 32597
158 32557
159 32504
160 32593
161 32574
162 32624
163 32538
164 32462
165 32309
166 32370
167 32332
168 32177
169 32222
170 32041
171 31773
172 31610
173 31492
174 31305
175 31271
176 31144
177 31394
178 31283
179 31075
180 30763
181 30246
182 30065
183 30362
184 30946
185 31700
186 31939
187 32404
188 32382
189 32499
190 32586
191 32766
192 32587
193 32504
194 32525
195 32359
196 32166
197 32089
198 32036
199 31907
200 31938
201 31722
202 31863
203 31667
204 31353
205 31252
206 31088
207 31147
208 31297
209 31504
210 31827
211 31848
212 31948
213 31935
214 31829
215 31852
216 31576
217 31564
218 31424
219 31443
220 31765
221 31603
222 31720
223 31829
224 31711
225 30507
226 31791
227 31442
228 31349
229 31422
230 31761
231 31604
232 31608
233 31432
234 31201
235 30898
236 30493
237 30026
238 29441
239 28998
240 28624
241 28228
242 28212
243 28049
244 27608
245 27102
246 26478
247 26255
248 26197
249 26832
250 27735
251 28762
252 29527
253 30052
254 30451
255 30762
256 30602
257 30694
258 30393
259 30571
260 30691
261 30996
262 31237
263 31578
264 31877
265 32154
266 32309
267 32299
268 32301
269 32313
270 32360
271 32218
272 32275
273 32231
274 32216
275 32225
276 32219
277 32403
278 32209
279 32409
280 32218
281 32154
282 32065
283 31910
284 31875
285 31877
286 31810
287 32064
288 31655
289 31752
290 31687
291 31644
292 31434
293 31409
294 31216
295 31398
296 31288
297 31589
298 31552
299 31555
300 31504
301 31370
302 31172
303 30979
304 30699
305 30782
306 30451
307 30318
308 30319
309 29862
310 29433
311 29305
312 29392
313 29609
314 30248
315 30569
316 30659
317 30699
318 30826
319 30859
320 31250
321 31557
322 31650
323 31773
324 31917
325 31940
326 31880
327 31881
328 32043
329 31987
330 31885
331 31948
332 32049
333 32151
334 32241
335 32173
336 32227
337 32250
338 32274
339 32272
340 32131
341 32288
342 32203
343 32070
344 31901
345 31635
346 31588
347 31272
348 31015
349 30986
350 30526
351 30596
352 30380
353 29971
354 29759
355 29279
356 28760
357 28345
358 28402
359 28878
360 29399
361 29798
362 29759
363 29690
364 29393
365 29421
366 29450
367 30067
368 30820
369 31297
370 31556
371 31721
372 31695
373 31956
374 31874
375 31918
376 31839
377 31899
378 31533
379 31586
380 31354
381 31033
382 30713
383 30251
384 30110
385 30062
386 29913
387 29962
388 29953
389 29736
390 29430
391 28753
392 28414
393 28454
394 28984
395 29679
396 30500
397 30923
398 31041
399 31037
400 30994
401 30682
402 30516
403 30157
404 29784
405 29343
406 28864
407 28507
408 28025
409 27564
410 27077
411 26605
412 26484
413 26149
414 25985
415 25995
416 25885
417 25917
418 26296
419 27093
420 27964
421 29105
422 29822
423 30562
424 31012
425 31330
426 31595
427 31609
428 31762
429 31669
430 31700
431 31701
432 31695
433 31730
434 31739
435 31613
436 31531
437 31569
438 31454
439 31526
440 31350
441 31280
442 31292
443 31085
444 30653
445 30426
446 30250
447 29899
448 29645
449 29582
450 29459
451 29404
452 29376
453 29060
454 28584
455 28011
456 27796
457 28011
458 28432
459 28792
460 28985
461 28983
462 28945
463 28707
464 28442
465 28435
466 28146
467 27804
468 27214
469 26576
470 25893
471 25536
472 25867
473 26135
474 26646
475 27195
476 27401
477 27683
478 27732
479 27715
480 27354
481 27050
482 27132
483 27813
484 28602
485 29678
486 30279
487 30809
488 31187
489 31348
490 31403
491 31459
492 31450
493 31591
494 31398
495 31482
496 31584
497 31421
498 31460
499 31311
500 31476
501 31257
502 31357
503 31122
504 31019
505 30904
506 30965
507 30881
508 30879
509 30813
510 30718
511 30666
512 30523
513 30483
514 30520
515 30593
516 30658
517 30875
518 31070
519 31224
520 31243
521 31386
522 31382
523 31381
524 31070
525 30909
526 30750
527 30587
528 30459
529 29895
530 29570
531 29569
532 29562
533 29471
534 29234
535 29002
536 28788
537 28417
538 28486
539 28673
540 29212
541 29742
542 29997
543 30014
544 29891
545 29629
546 29368
547 29117
548 29146
549 28978
550 29151
551 28896
552 28637
553 28201
554 27787
555 27674
556 28140
557 28892
558 29860
559 30376
560 30884
561 31105
562 31363
563 31312
564 31249
565 31355
566 31196
567 31058
568 30908
569 30511
570 30180
571 29556
572 29238
573 29100
574 28980
575 28792
576 28800
577 28523
578 28056
579 27647
580 27087
581 27268
582 27957
583 28835
584 30170
585 30050
586 30433
587 30637
588 30766
589 30691
590 30742
591 30766
592 30752
593 30695
594 30733
595 30644
596 30419
597 30289
598 30546
599 30383
600 30403
601 30606
602 30626
603 30888
604 30971
605 30974
606 30834
607 30943
608 30860
609 30793
610 30640
611 30265
612 29873
613 29475
614 29140
615 28773
616 28606
617 28341
618 28258
619 28151
620 27950
621 27529
622 27158
623 26941
624 27139
625 27673
626 28387
627 28913
628 29175
629 29107
630 28783
631 28530
632 28169
633 27678
634 27256
635 27099
636 26983
637 26771
638 26274
639 25653
640 25143
641 24859
642 25260
643 26230
644 27231
645 28284
646 29060
647 29665
648 30061
649 30031
650 29945
651 29715
652 29019
653 29227
654 28815
655 28695
656 28525
657 28570
658 28484
659 28141
660 27819
661 27479
662 27104
663 27328
664 28060
665 28777
666 29556
667 30247
668 30476
669 30676
670 30530
671 30843
672 30667
673 30531
674 30265
675 29907
676 29787
677 29254
678 28846
679 28410
680 28021
681 27737
682 27741
683 27656
684 27448
685 26932
686 26274
687 25581
688 25406
689 25510
690 26286
691 26990
692 27664
693 28169
694 29086
695 28468
696 28533
697 28400
698 28404
699 28407
700 28346
701 28516
702 28895
703 29240
704 29674
705 30098
706 30321
707 30499
708 30748
709 30844
710 30849
711 30849
712 30960
713 30964
714 30696
715 30753
716 30672
717 30541
718 30692
719 30695
720 30589
721 30605
722 30493
723 30484
724 30469
725 30388
726 30490
727 30479
728 30460
729 30482
730 30552
731 30544
732 30551
733 30619
734 30319
735 30387
736 30347
737 30281
738 30383
739 30370
740 30446
741 30503
742 30529
743 30493
744 30404
745 30309
746 30016
747 29805
748 29650
749 29240
750 28622
751 28005
752 27215
753 26493
754 25710
755 25114
756 27127
757 23982
758 23762
759 23297
760 22720
761 22273
762 21750
763 21935
764 22377
765 23336
766 24558
767 25506
768 26307
769 26940
770 27342
771 27654
772 27663
773 27937
774 28063
775 28034
776 27804
777 27443
778 26829
779 26683
780 27146
781 27573
782 27985
783 28007
784 27963
785 27660
786 27227
787 26624
788 26052
789 25814
790 25551
791 25052
792 24705
793 23798
794 22944
795 22421
796 22349
797 22925
798 23791
799 25012
800 25948
801 26541
802 26755
803 26725
804 26739
805 27238
806 28034
807 28879
808 29386
809 29967
810 30187
811 30296
812 30299
813 30395
814 30582
815 30529
816 30375
817 30562
818 30298
819 30392
820 30273
821 30309
822 30315
823 30253
824 30135
825 30275
826 29987
827 29963
828 29828
829 29990
830 29946
831 29873
832 30116
833 30124
834 30027
835 29803
836 29880
837 29858
838 29989
839 30035
840 30086
841 30302
842 30298
843 30301
844 30364
845 30387
846 30294
847 30141
848 30120
849 30061
850 30035
851 30064
852 30032
853 29944
854 29926
855 29995
856 30030
857 29957
858 30050
859 30128
860 30171
861 30093
862 30326
863 30344
864 30306
865 30330
866 30457
867 30466
868 30512
869 30403
870 30374
871 30422
872 30212
873 30234
874 30104
875 29959
876 29933
877 29828
878 29726
879 29575
880 29553
881 29347
882 29296
883 29242
884 29202
885 29200
886 29183
887 29249
888 29411
889 29504
890 29587
891 29563
892 29424
893 29317
894 29020
895 28872
896 28590
897 28366
898 28268
899 28430
900 28436
901 28239
902 27847
903 27728
904 27452
905 27759
906 28349
907 28960
908 29585
909 29807
910 29972
911 30009
912 30202
913 30077
914 30078
915 29985
916 30042
917 29816
918 29710
919 29276
920 28904
921 28704
922 28638
923 28577
924 28583
925 28574
926 28368
927 28065
928 27671
929 27425
930 27822
931 28261
932 28988
933 29463
934 29910
935 30201
936 30318
937 30247
938 30412
939 30406
940 30254
941 30478
942 30284
943 30466
944 30402
945 30272
946 30485
947 30334
948 30366
949 30363
950 30382
951 30267
952 30194
953 30329
954 30288
955 30348
956 30284
957 30218
958 30154
959 30220
960 30241
961 30185
962 30088
963 30155
964 29907
965 29943
966 29863
967 30179
968 29924
969 30067
970 30115
971 30030
972 29889
973 30123
974 29973
975 29958
976 30114
977 30074
978 30128
979 30195
980 30198
981 30172
982 30107
983 30219
984 30272
985 30157
986 30238
987 30112
988 30178
989 30061
990 30117
991 30307
992 30014
993 29964
994 30015
995 30039
996 29921
997 29917
998 29991
999 29597
1000 29855
1001 29801
1002 29756
1003 29894
1004 29632
1005 29863
1006 29838
1007 30050
1008 30130
1009 29900
1010 30007
1011 29950
1012 29798
1013 29551
1014 29363
1015 29477
1016 29475
1017 29407
1018 29331
1019 29197
1020 29122
1021 29077
1022 28997
1023 28847
1024 29081
1025 29078
1026 29251
1027 29054
1028 28882
1029 28814
1030 28532
1031 28410
1032 28312
1033 28289
1034 28106
1035 28335
1036 28100
1037 27443
1038 27156
1039 26922
1040 27318
1041 27826
1042 28303
1043 28545
1044 28751
1045 28950
1046 28952
1047 29073
1048 28940
1049 28806
1050 28674
1051 28456
1052 28320
1053 28178
1054 28085
1055 28100
1056 28276
1057 28274
1058 28361
1059 28372
1060 28283
1061 28003
1062 27685
1063 27631
1064 27908
1065 28312
1066 28800
1067 29303
1068 29541
1069 29733
1070 29804
1071 29717
1072 29812
1073 29617
1074 29566
1075 29482
1076 29444
1077 29320
1078 29362
1079 29101
1080 28919
1081 28585
1082 28213
1083 28243
1084 28226
1085 28047
1086 28171
1087 28208
1088 28261
1089 28206
1090 28122
1091 27753
1092 27912
1093 27994
1094 28264
1095 28736
1096 29159
1097 29497
1098 29640
1099 29772
1100 29912
1101 29858
1102 30082
1103 29778
1104 29938
1105 29903
1106 29920
1107 29863
1108 29705
1109 29634
1110 29767
1111 29577
1112 29611
1113 29416
1114 29248
1115 29119
1116 29143
1117 29036
1118 29084
1119 29052
1120 29109
1121 29291
1122 29188
1123 29296
1124 29200
1125 29085
1126 29064
1127 29105
1128 29145
1129 29178
1130 29032
1131 29114
1132 29154
1133 28981
1134 28982
1135 28897
1136 28624
1137 28817
1138 28842
1139 29067
1140 29382
1141 29494
1142 29516
1143 29774
1144 29758
1145 29725
1146 29794
1147 29797
1148 29986
1149 30010
1150 30022
1151 29905
1152 29876
1153 30102
1154 30080
1155 30063
1156 30002
1157 30029
1158 29861
1159 29952
1160 29990
1161 29921
1162 29875
1163 29964
1164 30054
1165 29904
1166 29803
1167 29996
1168 30119
1169 29711
1170 29508
1171 29474
1172 29179
1173 29107
1174 28893
1175 28802
1176 28688
1177 28788
1178 28514
1179 28485
1180 28123
1181 27838
1182 27586
1183 27499
1184 27531
1185 27408
1186 26971
1187 26522
1188 26110
1189 25795
1190 25510
1191 25433
1192 25332
1193 24977
1194 24463
1195 23818
1196 23747
1197 23712
1198 24167
1199 24820
1200 25716
1201 26441
1202 27168
1203 27284
1204 27264
1205 27009
1206 26590
1207 26269
1208 25997
1209 25816
1210 25654
1211 25530
1212 25594
1213 25597
1214 25413
1215 25120
1216 24799
1217 24482
1218 24492
1219 24858
1220 25218
1221 25842
1222 26280
1223 26753
1224 27136
1225 27285
1226 27132
1227 27122
1228 27324
1229 27363
1230 27392
1231 26995
1232 26718
1233 26361
1234 26277
1235 26302
1236 26729
1237 27187
1238 27616
1239 27729
1240 27710
1241 27609
1242 27340
1243 27333
1244 27043
1245 27168
1246 26999
1247 26808
1248 26473
1249 26207
1250 26040
1251 26228
1252 26480
1253 27078
1254 27675
1255 28214
1256 28622
1257 28965
1258 29047
1259 29130
1260 29094
1261 29115
1262 29152
1263 29115
1264 29179
1265 29057
1266 29021
1267 28861
1268 28734
1269 28529
1270 28126
1271 27726
1272 27448
1273 27290
1274 27024
1275 26918
1276 26735
1277 26596
1278 26044
1279 25647
1280 25537
1281 25733
1282 26172
1283 26589
1284 26963
1285 27194
1286 27296
1287 27377
1288 27661
1289 27685
1290 28047
1291 28170
1292 28094
1293 28051
1294 27855
1295 27484
1296 26663
1297 26423
1298 25481
1299 25075
1300 23989
1301 23757
1302 23454
1303 23233
1304 22879
1305 22416
1306 22110
1307 21904
1308 22433
1309 23170
1310 24132
1311 25495
1312 26423
1313 27194
1314 27855
1315 28141
1316 28214
1317 28284
1318 28072
1319 27816
1320 27596
1321 27287
1322 27097
1323 26773
1324 26356
1325 26359
1326 26061
1327 25799
1328 25605
1329 25622
1330 25683
1331 25798
1332 26008
1333 26152
1334 26390
1335 26818
1336 27226
1337 27251
1338 27493
1339 27540
1340 27456
1341 27312
1342 27497
1343 27254
1344 27174
1345 26847
1346 26730
1347 26578
1348 26609
1349 26531
1350 26536
1351 26678
1352 26890
1353 26917
1354 26944
1355 26937
1356 26480
1357 26169
1358 25888
1359 25779
1360 25738
1361 25645
