0 28413
1 30619
2 30747
3 28806
4 30543
5 31151
6 32139
7 32049
8 31936
9 31923
10 31711
11 31810
12 31693
13 31211
14 30667
15 30163
16 29581
17 29553
18 28325
19 27399
20 28136
21 28668
22 28909
23 28992
24 28622
25 27962
26 26748
27 27217
28 28111
29 29221
30 29775
31 27958
32 30026
33 30117
34 30267
35 29836
36 30644
37 30858
38 30746
39 31029
40 30585
41 30866
42 30497
43 30305
44 30246
45 28668
46 28032
47 27581
48 26968
49 26928
50 27192
51 27347
52 26981
53 27274
54 28986
55 30491
56 31259
57 31293
58 31217
59 31548
60 31554
61 31117
62 31102
63 30587
64 30234
65 28787
66 28873
67 28245
68 26751
69 26122
70 26549
71 27337
72 27247
73 26401
74 25628
75 24276
76 23872
77 24048
78 25808
79 27121
80 28846
81 29878
82 30456
83 31052
84 31345
85 30682
86 30692
87 30994
88 30472
89 30338
90 29976
91 29815
92 29583
93 28865
94 28377
95 28295
96 29633
97 30613
98 31073
99 31479
100 31529
101 31709
102 31693
103 31255
104 31272
105 31063
106 31467
107 31224
108 30910
109 30759
110 31012
111 31054
112 30826
113 30860
114 30412
115 30546
116 29957
117 29595
118 28961
119 28224
120 27774
121 29034
122 30050
123 30634
124 31339
125 31073
126 31360
127 31190
128 31548
129 31523
130 31270
131 30698
132 30730
133 30613
134 30100
135 29484
136 29007
137 25911
138 27940
139 27854
140 27916
141 27805
142 27196
143 26843
144 25894
145 25997
146 27944
147 27841
148 28601
149 29390
150 28706
151 30604
152 31228
153 31730
154 31425
155 31670
156 31638
157 31584
158 31686
159 31435
160 31958
161 31712
162 31636
163 31483
164 31822
165 31806
166 31659
167 31628
168 31868
169 31435
170 31812
171 31626
172 31762
173 31272
174 31213
175 30979
176 30732
177 30326
178 30047
179 29897
180 29334
181 29660
182 30621
183 31408
184 31534
185 31707
186 31490
187 31441
188 31425
189 32044
190 31642
191 31720
192 31714
193 31778
194 31956
195 31831
196 31429
197 31877
198 31575
199 31251
200 31280
201 31140
202 30996
203 30746
204 30192
205 30822
206 31073
207 31460
208 31360
209 31555
210 31709
211 31569
212 31433
213 31460
214 31379
215 31354
216 31483
217 31251
218 31308
219 31400
220 31379
221 31362
222 30746
223 30531
224 30384
225 28052
226 31850
227 30610
228 31375
229 31536
230 31492
231 31647
232 31741
233 31594
234 31423
235 31460
236 31475
237 31037
238 31197
239 30567
240 30401
241 29796
242 29449
243 29093
244 28791
245 28369
246 28578
247 29135
248 29989
249 30585
250 30414
251 30543
252 30405
253 30219
254 29675
255 29631
256 29426
257 29593
258 29505
259 29960
260 31109
261 31458
262 31439
263 29658
264 31479
265 31718
266 31521
267 31575
268 31599
269 31716
270 31481
271 30945
272 31755
273 31958
274 31596
275 31385
276 31948
277 31598
278 31743
279 31596
280 31756
281 31379
282 31869
283 31588
284 31624
285 31768
286 31818
287 31753
288 31619
289 31073
290 31318
291 31295
292 31314
293 31226
294 31257
295 31268
296 31498
297 31557
298 31303
299 31255
300 31676
301 31364
302 31425
303 31314
304 30979
305 30696
306 30514
307 30200
308 29708
309 29061
310 29604
311 30217
312 30680
313 30315
314 30611
315 30724
316 30952
317 31025
318 31243
319 31276
320 31402
321 31494
322 31515
323 31289
324 31261
325 31052
326 31220
327 31096
328 31192
329 31111
330 31295
331 31404
332 31691
333 31758
334 31475
335 31682
336 31578
337 31839
338 32057
339 32011
340 32025
341 31477
342 31408
343 20845
344 31397
345 31588
346 31419
347 31532
348 31230
349 31412
350 30952
351 31040
352 30499
353 30546
354 30261
355 29911
356 30001
357 30414
358 30215
359 30117
360 30301
361 29710
362 29323
363 28762
364 28838
365 29813
366 30602
367 31161
368 31628
369 31199
370 31155
371 31605
372 31454
373 31529
374 31852
375 31406
376 31488
377 31739
378 31619
379 31540
380 31264
381 31305
382 31088
383 30137
384 30506
385 30571
386 30087
387 29800
388 29361
389 28745
390 28907
391 28482
392 29034
393 30364
394 30654
395 31165
396 30897
397 30849
398 30931
399 31015
400 30566
401 30805
402 30590
403 30801
404 30763
405 30368
406 30125
407 29807
408 29271
409 28471
410 27498
411 26401
412 25729
413 25009
414 24153
415 24138
416 24601
417 25949
418 27839
419 28729
420 29775
421 30006
422 30962
423 31257
424 31188
425 30935
426 29673
427 30996
428 30914
429 31241
430 31238
431 31546
432 31548
433 31473
434 31571
435 31594
436 31284
437 31130
438 31230
439 31299
440 30893
441 31015
442 31264
443 31081
444 30920
445 30814
446 30688
447 30516
448 30305
449 29872
450 29539
451 29294
452 28925
453 28362
454 27902
455 28773
456 30022
457 30709
458 30971
459 30544
460 31044
461 31144
462 30901
463 30410
464 30347
465 30133
466 29821
467 29095
468 28643
469 28668
470 28982
471 28904
472 29687
473 29325
474 28693
475 29064
476 28030
477 27671
478 27686
479 27213
480 26834
481 27904
482 29233
483 30724
484 30684
485 31084
486 31079
487 31264
488 31301
489 31370
490 31075
491 31490
492 31372
493 31220
494 31374
495 31747
496 31486
497 31320
498 31523
499 31689
500 31458
501 31042
502 31192
503 30968
504 31460
505 31094
506 30885
507 30686
508 30546
509 30077
510 30050
511 29713
512 29740
513 30328
514 30435
515 30920
516 31105
517 31050
518 31151
519 31416
520 31385
521 31467
522 31582
523 31199
524 31228
525 31272
526 31167
527 31307
528 30948
529 30904
530 30485
531 30657
532 30324
533 30123
534 29985
535 29181
536 29823
537 30313
538 30458
539 30805
540 31261
541 30985
542 31515
543 31207
544 30872
545 30880
546 30506
547 30587
548 30020
549 29315
550 28927
551 28582
552 27814
553 27810
554 28584
555 29775
556 30634
557 28622
558 31218
559 31280
560 31061
561 31224
562 31643
563 31111
564 31322
565 31442
566 31615
567 31197
568 31339
569 31299
570 31054
571 30824
572 30711
573 30384
574 29771
575 28703
576 28676
577 27718
578 27240
579 27224
580 28094
581 29564
582 30410
583 30933
584 29669
585 30824
586 30793
587 31301
588 30935
589 30904
590 31006
591 30726
592 30537
593 30426
594 30489
595 30102
596 30518
597 30221
598 30744
599 30663
600 30686
601 31205
602 31442
603 31391
604 30981
605 31056
606 31345
607 31374
608 31123
609 31109
610 31515
611 31345
612 30933
613 31029
614 31010
615 30611
616 30259
617 30119
618 29901
619 29484
620 29453
621 29101
622 29175
623 29378
624 30142
625 30724
626 30885
627 30774
628 31113
629 30453
630 30646
631 29964
632 29325
633 28563
634 27799
635 26684
636 25086
637 24075
638 22909
639 22725
640 23910
641 25559
642 27481
643 29055
644 29957
645 30370
646 30424
647 30757
648 31100
649 30895
650 30418
651 30723
652 30590
653 30518
654 30531
655 29863
656 29311
657 29091
658 28536
659 28203
660 27376
661 27579
662 29017
663 29892
664 30476
665 30945
666 31305
667 31125
668 30866
669 31211
670 31291
671 31188
672 31295
673 31243
674 29939
675 31015
676 30686
677 30648
678 30665
679 30192
680 29727
681 29457
682 28871
683 28117
684 27494
685 26861
686 26510
687 26887
688 28322
689 29013
690 29386
691 29486
692 29329
693 28080
694 27196
695 27981
696 28134
697 27870
698 27747
699 28310
700 28601
701 29279
702 29985
703 30426
704 30409
705 31295
706 31006
707 31010
708 31128
709 31372
710 31471
711 31121
712 31019
713 31060
714 31153
715 31218
716 31042
717 30920
718 30899
719 30866
720 30671
721 30491
722 30734
723 30726
724 31050
725 31282
726 30834
727 31169
728 30826
729 30989
730 30851
731 30682
732 30525
733 30531
734 30328
735 30514
736 30552
737 30985
738 30617
739 30927
740 31004
741 30914
742 31038
743 30931
744 30564
745 30860
746 30642
747 30382
748 30324
749 30278
750 29694
751 29087
752 28865
753 28042
754 26954
755 25921
756 16854
757 22842
758 21388
759 19966
760 19481
761 20127
762 21076
763 22746
764 24858
765 26566
766 28218
767 29045
768 29287
769 29401
770 29545
771 29660
772 29107
773 29020
774 28494
775 28479
776 27690
777 27720
778 27831
779 29223
780 29918
781 30416
782 30439
783 30232
784 29765
785 29179
786 28919
787 28161
788 27226
789 25775
790 24433
791 23227
792 22413
793 21936
794 22451
795 23554
796 25044
797 26520
798 27284
799 27410
800 27787
801 27571
802 27661
803 28050
804 29315
805 29882
806 30673
807 30834
808 30989
809 31130
810 31295
811 30855
812 31136
813 31058
814 31111
815 31037
816 31232
817 30799
818 31157
819 30910
820 31021
821 30765
822 30782
823 30533
824 30267
825 30305
826 30543
827 30753
828 30767
829 30830
830 30602
831 30751
832 30343
833 30165
834 30481
835 30363
836 30322
837 30479
838 30939
839 30780
840 31190
841 31073
842 31703
843 31444
844 31375
845 30924
846 30998
847 30828
848 31056
849 30899
850 30870
851 30659
852 30872
853 30518
854 30678
855 30587
856 30703
857 31015
858 31021
859 31113
860 31065
861 31002
862 31209
863 31128
864 31337
865 30960
866 31182
867 31291
868 31632
869 31280
870 31264
871 31090
872 30977
873 31138
874 31299
875 31322
876 31142
877 30793
878 30736
879 30862
880 29849
881 30577
882 30462
883 30502
884 30232
885 30395
886 30521
887 30644
888 30650
889 31044
890 31010
891 30698
892 30761
893 30569
894 30671
895 30217
896 30862
897 29861
898 29614
899 29415
900 28389
901 28752
902 28132
903 29072
904 29424
905 30169
906 31102
907 30677
908 30862
909 31305
910 31084
911 31714
912 30973
913 30765
914 31178
915 31038
916 31027
917 30903
918 30807
919 30244
920 30315
921 30391
922 30294
923 29535
924 29403
925 29103
926 28500
927 28542
928 28737
929 29562
930 30454
931 30701
932 31102
933 30858
934 31318
935 31209
936 30851
937 31483
938 31360
939 31188
940 31054
941 31326
942 31222
943 31257
944 31065
945 31345
946 31391
947 31374
948 31465
949 31387
950 31151
951 31766
952 31337
953 31063
954 31368
955 31048
956 31234
957 30901
958 31031
959 31217
960 31146
961 31207
962 31023
963 31037
964 30931
965 31203
966 30906
967 30558
968 30788
969 30533
970 30889
971 30822
972 30726
973 31207
974 30935
975 31255
976 31190
977 31289
978 31307
979 31109
980 31274
981 31261
982 30742
983 31297
984 31077
985 31238
986 31069
987 31167
988 31092
989 31010
990 31088
991 31054
992 30874
993 30960
994 31088
995 31048
996 30830
997 30941
998 30724
999 30711
1000 30878
1001 30755
1002 30596
1003 30393
1004 30895
1005 31067
1006 31127
1007 31197
1008 31102
1009 31423
1010 31554
1011 31172
1012 31264
1013 30935
1014 31071
1015 30945
1016 30889
1017 30625
1018 31144
1019 30780
1020 30648
1021 30366
1022 30933
1023 31251
1024 30962
1025 31201
1026 31138
1027 31042
1028 30906
1029 30780
1030 30521
1031 30412
1032 29625
1033 28961
1034 28783
1035 27270
1036 26568
1037 27956
1038 28691
1039 29455
1040 29926
1041 30514
1042 30633
1043 30259
1044 30376
1045 30403
1046 30012
1047 29660
1048 29599
1049 29499
1050 29848
1051 29999
1052 30110
1053 30248
1054 30324
1055 30443
1056 29970
1057 29972
1058 29597
1059 29168
1060 28846
1061 28919
1062 29332
1063 29901
1064 30301
1065 30688
1066 31052
1067 31092
1068 30834
1069 31031
1070 30962
1071 30767
1072 31029
1073 30866
1074 30763
1075 30782
1076 30313
1077 30156
1078 30269
1079 30112
1080 29966
1081 29840
1082 29892
1083 29819
1084 29712
1085 29265
1086 29089
1087 28739
1088 28559
1089 28115
1090 26711
1091 28471
1092 28710
1093 29727
1094 30399
1095 30487
1096 31213
1097 30962
1098 31195
1099 31297
1100 30927
1101 31023
1102 31075
1103 31360
1104 31379
1105 30813
1106 30954
1107 31069
1108 30857
1109 30751
1110 30717
1111 30636
1112 30587
1113 30137
1114 30424
1115 30194
1116 30403
1117 30571
1118 30791
1119 30847
1120 31065
1121 31123
1122 30701
1123 31048
1124 31406
1125 31033
1126 31128
1127 31081
1128 31182
1129 30987
1130 31002
1131 30537
1132 30744
1133 30458
1134 30477
1135 30439
1136 30698
1137 30791
1138 30914
1139 31262
1140 30996
1141 31146
1142 30947
1143 31153
1144 31280
1145 31128
1146 31092
1147 31372
1148 31291
1149 31247
1150 31144
1151 31220
1152 31506
1153 31320
1154 31354
1155 31578
1156 31224
1157 31215
1158 31261
1159 31226
1160 31046
1161 30901
1162 30927
1163 31079
1164 31385
1165 31389
1166 31398
1167 31259
1168 29556
1169 31312
1170 31429
1171 31130
1172 30958
1173 30830
1174 30740
1175 30929
1176 30085
1177 30198
1178 29616
1179 29729
1180 29562
1181 30028
1182 30319
1183 30454
1184 30368
1185 30112
1186 29438
1187 28984
1188 28590
1189 27159
1190 25838
1191 24919
1192 24195
1193 23265
1194 23192
1195 23855
1196 25315
1197 25940
1198 27682
1199 29066
1200 29453
1201 29660
1202 29926
1203 29719
1204 29417
1205 28884
1206 29143
1207 29151
1208 29235
1209 29034
1210 28421
1211 27527
1212 26395
1213 25714
1214 24559
1215 24067
1216 23968
1217 24812
1218 25631
1219 27025
1220 28448
1221 28944
1222 29633
1223 30261
1224 30171
1225 30148
1226 29727
1227 27138
1228 28308
1229 27833
1230 27029
1231 26738
1232 26413
1233 26801
1234 27872
1235 29001
1236 29729
1237 30311
1238 30931
1239 30690
1240 30908
1241 30820
1242 30947
1243 30338
1244 30001
1245 29264
1246 29735
1247 29398
1248 28948
1249 29107
1250 29840
1251 30217
1252 30382
1253 30654
1254 30420
1255 30929
1256 30885
1257 30765
1258 30813
1259 30625
1260 30667
1261 30895
1262 30927
1263 30837
1264 30962
1265 30876
1266 32218
1267 30772
1268 30278
1269 30717
1270 30646
1271 30521
1272 30763
1273 30146
1274 29662
1275 29604
1276 29601
1277 29539
1278 29210
1279 29256
1280 29451
1281 30131
1282 29872
1283 29851
1284 29867
1285 29658
1286 29909
1287 30005
1288 30179
1289 30592
1290 30273
1291 30185
1292 30309
1293 29987
1294 30332
1295 29882
1296 29495
1297 28932
1298 27963
1299 27487
1300 25796
1301 24239
1302 22710
1303 21325
1304 20473
1305 20557
1306 21268
1307 22800
1308 24888
1309 26897
1310 28310
1311 29334
1312 29924
1313 30380
1314 30200
1315 30324
1316 30485
1317 30376
1318 30072
1319 30173
1320 29648
1321 29595
1322 28928
1323 28473
1324 27868
1325 26935
1326 26700
1327 26315
1328 26003
1329 26692
1330 27349
1331 27950
1332 28586
1333 28827
1334 29555
1335 30278
1336 30244
1337 30043
1338 30217
1339 29687
1340 29283
1341 29292
1342 28611
1343 28350
1344 28140
1345 28044
1346 28300
1347 28501
1348 28992
1349 29352
1350 29300
1351 29354
1352 29495
1353 29300
1354 29204
1355 29298
1356 29164
1357 29294
1358 29512
1359 29767
1360 30062
