0 29430
1 32139
2 31854
3 31039
4 31648
5 32021
6 32407
7 32515
8 32469
9 32622
10 32326
11 32142
12 32083
13 31602
14 31265
15 30990
16 30814
17 30748
18 29837
19 29367
20 28648
21 28781
22 29283
23 29855
24 30017
25 29796
26 29322
27 28911
28 28881
29 29680
30 30311
31 30033
32 30981
33 30928
34 31072
35 31070
36 31093
37 31078
38 31286
39 31259
40 30964
41 30804
42 30959
43 30510
44 29875
45 29809
46 29154
47 28615
48 28287
49 28263
50 28606
51 29066
52 28933
53 29266
54 29863
55 30562
56 31395
57 31787
58 32079
59 31930
60 31544
61 31474
62 31322
63 30691
64 30611
65 30255
66 29915
67 29236
68 28236
69 27279
70 26686
71 26851
72 27269
73 27567
74 27376
75 26819
76 26147
77 25843
78 26125
79 27275
80 28504
81 29737
82 30561
83 31038
84 31408
85 31454
86 31476
87 31279
88 31181
89 31172
90 30993
91 30924
92 31078
93 30810
94 30370
95 30141
96 30437
97 30999
98 31593
99 32162
100 32295
101 32340
102 32398
103 32242
104 32310
105 32194
106 32111
107 32015
108 31951
109 31804
110 31941
111 31564
112 31459
113 31066
114 31186
115 31017
116 30995
117 31244
118 30802
119 30374
120 30058
121 29879
122 30737
123 31204
124 31834
125 31872
126 32004
127 32047
128 31962
129 32108
130 31782
131 31668
132 31575
133 31161
134 30923
135 30539
136 30154
137 28877
138 29034
139 28768
140 28623
141 28644
142 28391
143 28507
144 28139
145 28244
146 28070
147 28743
148 29484
149 30223
150 30119
151 31110
152 31587
153 31991
154 32223
155 32240
156 32354
157 32549
158 32514
159 32569
160 32338
161 32435
162 32386
163 32480
164 32277
165 32477
166 32378
167 32526
168 32325
169 32626
170 32115
171 32096
172 32023
173 31818
174 31817
175 31703
176 31581
177 31546
178 31615
179 31492
180 30983
181 30816
182 31385
183 31804
184 32076
185 32366
186 32435
187 32353
188 32506
189 32495
190 32766
191 32696
192 32755
193 32538
194 32489
195 32273
196 32232
197 32319
198 32303
199 32198
200 32165
201 31871
202 32066
203 31833
204 31646
205 31590
206 31683
207 31983
208 31966
209 32317
210 32383
211 32235
212 32235
213 32194
214 32024
215 31999
216 32303
217 32230
218 32043
219 31951
220 31823
221 31739
222 31769
223 31687
224 31660
225 30760
226 30919
227 31444
228 31820
229 32167
230 32131
231 32277
232 32433
233 32199
234 31968
235 32210
236 32019
237 31936
238 31823
239 31613
240 31189
241 31194
242 31055
243 30662
244 30737
245 30594
246 30213
247 30111
248 30474
249 30567
250 30960
251 30626
252 30814
253 30909
254 30699
255 30704
256 30753
257 30431
258 30490
259 30652
260 31102
261 31664
262 31943
263 31467
264 32082
265 32377
266 32297
267 32435
268 32266
269 32424
270 32482
271 32200
272 32460
273 32433
274 32427
275 32453
276 32385
277 32498
278 32208
279 32390
280 32370
281 32313
282 32419
283 32328
284 32331
285 32506
286 32236
287 32327
288 32277
289 32017
290 32279
291 32224
292 31991
293 32214
294 32132
295 32102
296 32228
297 31954
298 32107
299 32162
300 32144
301 31772
302 31758
303 31406
304 31363
305 31431
306 31394
307 31423
308 31349
309 30999
310 30727
311 30841
312 31443
313 31446
314 31721
315 31835
316 31857
317 31979
318 31904
319 32080
320 32255
321 31956
322 32168
323 32215
324 32067
325 32063
326 32127
327 32156
328 32043
329 31931
330 31971
331 32275
332 32295
333 32427
334 32322
335 32562
336 32477
337 32536
338 32663
339 32507
340 32440
341 32394
342 32269
343 32349
344 32283
345 32281
346 32143
347 32140
348 32037
349 31995
350 32066
351 31737
352 31816
353 31361
354 31380
355 31181
356 31051
357 30875
358 31169
359 31092
360 31151
361 31128
362 31183
363 30839
364 30618
365 30826
366 31303
367 31739
368 31964
369 32012
370 32301
371 32209
372 32149
373 32062
374 32271
375 32317
376 32140
377 32227
378 31989
379 32058
380 31841
381 31677
382 31559
383 31132
384 31139
385 30891
386 30956
387 31042
388 30800
389 30488
390 30147
391 29855
392 30078
393 30699
394 31056
395 31536
396 31615
397 31698
398 31660
399 31696
400 31519
401 31242
402 31206
403 31122
404 30771
405 30414
406 30297
407 29391
408 29129
409 28387
410 27874
411 27529
412 26983
413 26863
414 26396
415 25979
416 25963
417 26622
418 27621
419 28777
420 29636
421 30582
422 30992
423 31557
424 31641
425 31715
426 30958
427 31873
428 31745
429 31926
430 32039
431 32058
432 32194
433 32092
434 31872
435 31870
436 31837
437 31926
438 31725
439 31853
440 31761
441 31923
442 31638
443 31421
444 31395
445 31211
446 31051
447 30844
448 30701
449 30593
450 30559
451 30672
452 30538
453 30113
454 29674
455 30063
456 30236
457 30906
458 31173
459 31429
460 31348
461 31349
462 31052
463 31139
464 30916
465 30997
466 30423
467 30374
468 30210
469 29561
470 29806
471 29607
472 29638
473 29542
474 29562
475 29288
476 29128
477 29378
478 29265
479 29137
480 28961
481 29163
482 29603
483 30521
484 31114
485 31598
486 31834
487 31735
488 32082
489 31843
490 31966
491 31647
492 31841
493 32087
494 31879
495 31842
496 31798
497 31989
498 31751
499 31946
500 31671
501 31966
502 31653
503 31516
504 31259
505 31388
506 31143
507 31302
508 31002
509 31070
510 30914
511 30735
512 30780
513 30843
514 31019
515 31359
516 31495
517 31516
518 31844
519 31950
520 31966
521 32042
522 32001
523 31941
524 31798
525 32084
526 31829
527 31804
528 31452
529 31322
530 31339
531 31279
532 31384
533 31240
534 31400
535 31242
536 30877
537 30887
538 31112
539 31250
540 31392
541 31553
542 31543
543 31445
544 31017
545 31096
546 30782
547 30518
548 30295
549 30432
550 30190
551 30197
552 29764
553 29538
554 29719
555 29966
556 30660
557 31115
558 31457
559 31668
560 31782
561 31622
562 31977
563 31810
564 31742
565 31831
566 31722
567 31632
568 31537
569 31581
570 31195
571 30940
572 30715
573 30350
574 30163
575 30214
576 30163
577 29866
578 29492
579 29176
580 29327
581 29764
582 30443
583 30983
584 30773
585 31387
586 31392
587 31390
588 31317
589 31354
590 31027
591 31139
592 31077
593 31106
594 30999
595 30988
596 30773
597 30914
598 31038
599 31084
600 31440
601 31354
602 31401
603 31699
604 31523
605 31605
606 31859
607 31656
608 31693
609 31707
610 31772
611 31472
612 31425
613 31558
614 31357
615 30907
616 30970
617 30855
618 31010
619 30654
620 30643
621 30482
622 30526
623 30514
624 30617
625 30981
626 31087
627 30950
628 30794
629 30513
630 29711
631 29419
632 28365
633 27900
634 27431
635 26921
636 26697
637 26196
638 25396
639 25166
640 25145
641 25741
642 27004
643 28297
644 29590
645 30252
646 30840
647 31329
648 30956
649 31179
650 31165
651 30844
652 30879
653 30433
654 30498
655 30269
656 30026
657 30070
658 30135
659 29693
660 29398
661 29280
662 29593
663 30106
664 30698
665 31106
666 31433
667 31508
668 31604
669 31728
670 31735
671 31562
672 31267
673 31215
674 31318
675 31186
676 31061
677 30847
678 30491
679 30143
680 29812
681 29611
682 29780
683 29484
684 29107
685 28920
686 28139
687 28038
688 28431
689 28867
690 29112
691 29290
692 29320
693 29180
694 28724
695 29025
696 28955
697 28881
698 28937
699 28966
700 29163
701 29768
702 30080
703 30336
704 30732
705 30990
706 31225
707 31459
708 31567
709 31763
710 31607
711 31654
712 31432
713 31559
714 31565
715 31381
716 31293
717 31390
718 31350
719 31378
720 31309
721 31328
722 31287
723 31291
724 31326
725 31388
726 31287
727 31429
728 31258
729 31248
730 31321
731 31339
732 31293
733 31183
734 31167
735 31133
736 30929
737 31186
738 31142
739 31208
740 31198
741 31489
742 31535
743 31234
744 31001
745 31090
746 30822
747 30753
748 30332
749 29909
750 29163
751 28533
752 27695
753 26694
754 25874
755 25232
756 21365
757 23693
758 23010
759 22458
760 22072
761 21848
762 22157
763 22996
764 24439
765 25894
766 27326
767 28190
768 28942
769 29376
770 29551
771 29523
772 29514
773 29565
774 29729
775 29619
776 29306
777 29145
778 29043
779 29332
780 29798
781 29807
782 30074
783 29759
784 29365
785 28849
786 27945
787 27563
788 26529
789 26269
790 25585
791 25301
792 24247
793 23983
794 23670
795 23895
796 24754
797 25693
798 27117
799 28090
800 28664
801 29058
802 29027
803 29145
804 29734
805 30202
806 30895
807 31123
808 31575
809 31440
810 31451
811 31635
812 31677
813 31743
814 31485
815 31289
816 31660
817 31222
818 31500
819 31404
820 31248
821 31067
822 31238
823 31202
824 31167
825 30928
826 31090
827 31013
828 30912
829 30951
830 31085
831 30902
832 31060
833 31015
834 31057
835 30898
836 30719
837 31054
838 31271
839 31169
840 31245
841 31504
842 31494
843 31309
844 31581
845 31435
846 31154
847 31427
848 31311
849 31204
850 31148
851 31052
852 31348
853 31039
854 31231
855 31228
856 31274
857 31294
858 31330
859 31498
860 31608
861 31291
862 31614
863 31620
864 31501
865 31505
866 31522
867 31593
868 31828
869 31346
870 31593
871 31613
872 31405
873 31418
874 31413
875 31259
876 31413
877 31265
878 31094
879 31196
880 30884
881 31242
882 31128
883 31090
884 30963
885 31096
886 30954
887 31100
888 30818
889 30924
890 31125
891 31061
892 31165
893 30693
894 30779
895 30574
896 30549
897 30194
898 30313
899 30115
900 30033
901 29756
902 29919
903 29932
904 30209
905 30370
906 30920
907 31184
908 31281
909 31541
910 31467
911 31580
912 31515
913 31380
914 31341
915 31516
916 31310
917 31342
918 30851
919 30843
920 30719
921 30547
922 30729
923 30501
924 30461
925 30239
926 30259
927 29865
928 29944
929 30227
930 30616
931 30999
932 31302
933 31557
934 31469
935 31419
936 31553
937 31556
938 31691
939 31668
940 31705
941 31559
942 31658
943 31784
944 31645
945 31611
946 31741
947 31592
948 31502
949 31487
950 31608
951 31504
952 31578
953 31472
954 31564
955 31579
956 31506
957 31518
958 31297
959 31438
960 31640
961 31382
962 31259
963 31346
964 31277
965 31234
966 31405
967 31161
968 31150
969 31159
970 31205
971 31450
972 31136
973 31060
974 31388
975 31246
976 31442
977 31514
978 31489
979 31693
980 31782
981 31496
982 31609
983 31395
984 31532
985 31606
986 31442
987 31481
988 31443
989 31428
990 31486
991 31625
992 31463
993 31431
994 31449
995 31382
996 31436
997 31313
998 31171
999 31280
1000 31193
1001 31282
1002 31215
1003 31113
1004 31155
1005 31339
1006 31297
1007 31402
1008 31581
1009 31494
1010 31625
1011 31656
1012 31448
1013 31490
1014 31428
1015 31404
1016 31347
1017 31492
1018 31405
1019 31334
1020 31412
1021 31171
1022 31234
1023 31272
1024 31366
1025 31323
1026 31312
1027 31076
1028 31048
1029 30554
1030 30475
1031 30282
1032 30085
1033 30013
1034 29762
1035 29441
1036 29041
1037 29208
1038 29243
1039 29557
1040 29885
1041 30096
1042 30332
1043 30488
1044 30348
1045 30468
1046 30403
1047 30094
1048 30212
1049 30222
1050 29845
1051 30077
1052 29964
1053 30031
1054 30218
1055 30467
1056 30348
1057 30212
1058 30199
1059 30463
1060 30274
1061 30384
1062 30081
1063 30303
1064 30471
1065 30968
1066 31175
1067 31401
1068 31185
1069 31428
1070 31262
1071 31309
1072 31123
1073 31244
1074 30899
1075 30904
1076 30856
1077 30455
1078 30392
1079 30378
1080 30257
1081 29875
1082 29789
1083 29603
1084 29606
1085 29482
1086 29378
1087 29323
1088 29303
1089 29100
1090 29002
1091 29013
1092 29281
1093 29790
1094 30437
1095 30898
1096 30934
1097 31175
1098 31218
1099 31415
1100 31368
1101 31492
1102 31408
1103 31482
1104 31525
1105 31267
1106 31356
1107 31349
1108 31266
1109 31315
1110 31410
1111 31048
1112 31052
1113 30981
1114 30773
1115 30772
1116 31046
1117 30993
1118 31108
1119 31067
1120 31297
1121 31404
1122 31407
1123 31491
1124 31252
1125 31141
1126 31438
1127 31103
1128 31273
1129 31233
1130 31196
1131 31353
1132 31115
1133 31095
1134 31216
1135 31021
1136 30946
1137 31259
1138 31370
1139 31143
1140 31477
1141 31411
1142 31449
1143 31568
1144 31426
1145 31597
1146 31378
1147 31604
1148 31508
1149 31593
1150 31755
1151 31530
1152 31886
1153 31551
1154 31482
1155 31603
1156 31575
1157 31575
1158 31567
1159 31513
1160 31674
1161 31644
1162 31678
1163 31697
1164 31602
1165 31721
1166 31543
1167 31366
1168 31305
1169 31459
1170 31438
1171 31212
1172 31110
1173 31070
1174 30953
1175 30983
1176 30890
1177 31001
1178 30688
1179 30758
1180 30431
1181 30342
1182 30205
1183 30016
1184 29952
1185 29525
1186 28773
1187 28064
1188 27670
1189 26934
1190 26723
1191 26233
1192 25984
1193 25482
1194 25087
1195 25199
1196 25434
1197 26352
1198 27293
1199 28279
1200 29176
1201 29644
1202 29951
1203 30068
1204 29668
1205 29606
1206 29120
1207 29011
1208 28606
1209 28090
1210 27598
1211 27482
1212 27028
1213 26748
1214 26231
1215 25636
1216 25706
1217 25716
1218 26083
1219 26912
1220 27544
1221 28212
1222 29012
1223 29155
1224 29252
1225 29297
1226 28902
1227 30723
1228 28776
1229 28625
1230 28479
1231 28195
1232 27974
1233 28053
1234 28322
1235 28630
1236 29358
1237 30036
1238 30417
1239 30683
1240 30796
1241 30940
1242 30993
1243 30502
1244 30547
1245 30528
1246 30593
1247 30486
1248 30196
1249 30320
1250 30353
1251 30454
1252 30556
1253 30781
1254 30879
1255 30874
1256 31064
1257 30977
1258 30991
1259 30943
1260 31117
1261 31258
1262 31057
1263 31233
1264 31172
1265 31130
1266 31342
1267 31048
1268 31403
1269 31018
1270 30867
1271 30794
1272 30699
1273 30567
1274 30647
1275 30277
1276 30277
1277 30149
1278 29965
1279 29973
1280 29986
1281 30115
1282 30295
1283 30461
1284 30421
1285 30362
1286 30358
1287 30415
1288 30354
1289 30691
1290 30488
1291 30502
1292 30285
1293 30064
1294 29630
1295 29227
1296 28322
1297 27770
1298 26589
1299 25044
1300 24947
1301 24380
1302 23896
1303 23544
1304 23137
1305 22695
1306 22877
1307 23545
1308 24675
1309 26064
1310 27533
1311 28446
1312 29370
1313 29723
1314 30076
1315 30186
1316 30205
1317 30076
1318 30085
1319 29701
1320 29271
1321 29009
1322 28483
1323 28131
1324 28019
1325 27747
1326 27668
1327 27373
1328 27301
1329 27346
1330 27528
1331 28026
1332 28749
1333 29019
1334 29289
1335 29555
1336 29892
1337 29796
1338 29614
1339 29524
1340 29411
1341 29146
1342 29295
1343 28918
1344 28753
1345 28657
1346 28423
1347 28618
1348 28791
1349 29139
1350 29119
1351 29484
1352 29526
1353 29729
1354 29723
1355 29632
1356 29742
1357 29778
1358 29888
1359 29801
