0 29119
1 31802
2 31396
3 30662
4 31463
5 31915
6 32374
7 32712
8 32638
9 32766
10 32504
11 32351
12 32071
13 31713
14 31332
15 30940
16 30700
17 30256
18 29629
19 28518
20 27688
21 28002
22 28695
23 29589
24 29526
25 29385
26 28625
27 27964
28 28281
29 29232
30 29881
31 29978
32 30793
33 30952
34 31079
35 30937
36 31193
37 31080
38 31447
39 31379
40 31387
41 31158
42 30986
43 30384
44 29963
45 29770
46 29151
47 28396
48 28012
49 27945
50 28025
51 28444
52 28298
53 28548
54 29256
55 30488
56 31425
57 31942
58 32169
59 32174
60 31795
61 31622
62 31340
63 30645
64 30587
65 29999
66 29756
67 28962
68 28102
69 26667
70 26250
71 26592
72 27217
73 27639
74 27327
75 26776
76 25921
77 25606
78 26206
79 27315
80 28563
81 29991
82 30787
83 31117
84 31546
85 31456
86 31568
87 31211
88 30767
89 30630
90 30566
91 30554
92 30769
93 30347
94 29631
95 29444
96 29925
97 30741
98 31538
99 32003
100 32006
101 32113
102 32240
103 32112
104 32166
105 31880
106 31849
107 31762
108 31718
109 31271
110 31278
111 31199
112 31202
113 31088
114 30794
115 30784
116 30604
117 30582
118 30442
119 29927
120 29425
121 29252
122 30331
123 31058
124 31730
125 31935
126 32212
127 32093
128 31940
129 31920
130 31613
131 31331
132 31044
133 30707
134 30310
135 29731
136 29306
137 27605
138 28006
139 27758
140 27696
141 27755
142 27880
143 27954
144 27891
145 27485
146 27789
147 28234
148 28885
149 29837
150 29988
151 31038
152 31567
153 31897
154 32268
155 32620
156 32291
157 32602
158 32513
159 32455
160 32514
161 32508
162 32467
163 32333
164 32541
165 32540
166 32430
167 32323
168 32396
169 32256
170 32155
171 32114
172 32004
173 31645
174 31556
175 31539
176 31317
177 31325
178 31206
179 30910
180 30476
181 30470
182 30873
183 31660
184 31887
185 32281
186 32365
187 32500
188 32614
189 32543
190 32610
191 32477
192 32487
193 32472
194 32390
195 32317
196 32119
197 32175
198 31932
199 32017
200 31808
201 31843
202 31573
203 31549
204 31514
205 31320
206 31323
207 31738
208 31996
209 32161
210 32400
211 31881
212 32150
213 32087
214 32171
215 31865
216 31799
217 31774
218 31745
219 31751
220 31863
221 31672
222 31772
223 31393
224 31366
225 31266
226 31222
227 31199
228 31565
229 32071
230 32032
231 32058
232 31871
233 31931
234 31832
235 31732
236 31471
237 31223
238 30745
239 30369
240 30114
241 30066
242 29804
243 29225
244 28945
245 28470
246 28552
247 28627
248 29062
249 29662
250 30198
251 30438
252 30413
253 30576
254 30490
255 30444
256 30078
257 30102
258 30288
259 30393
260 31039
261 31232
262 31756
263 31378
264 31938
265 32139
266 32218
267 32064
268 32199
269 32113
270 32080
271 31895
272 32297
273 32266
274 31991
275 31971
276 32082
277 32123
278 32031
279 32295
280 31971
281 32091
282 31889
283 32018
284 31994
285 32047
286 31859
287 32724
288 31681
289 31783
290 31686
291 31709
292 31600
293 31499
294 31622
295 31665
296 31552
297 31816
298 31936
299 31635
300 31561
301 31443
302 31443
303 31165
304 31074
305 30965
306 30833
307 30613
308 30530
309 30094
310 29796
311 29965
312 30423
313 31014
314 31096
315 31199
316 31190
317 31299
318 31350
319 31495
320 31633
321 31862
322 31762
323 31610
324 31722
325 31713
326 31451
327 31507
328 31505
329 31619
330 31543
331 31834
332 31932
333 32043
334 32092
335 31998
336 32146
337 32070
338 32177
339 32047
340 32039
341 31962
342 31905
343 32039
344 31637
345 31862
346 31570
347 31569
348 31488
349 31346
350 31117
351 30873
352 30695
353 30697
354 30377
355 30015
356 29817
357 29901
358 29890
359 30187
360 30328
361 30330
362 30256
363 29944
364 29560
365 30060
366 30466
367 31064
368 31574
369 31714
370 31798
371 31732
372 31779
373 31582
374 31788
375 31837
376 31731
377 31697
378 31493
379 31610
380 31376
381 31195
382 31025
383 30372
384 30730
385 30148
386 30100
387 30098
388 29897
389 29529
390 29051
391 28960
392 29163
393 30008
394 30544
395 30777
396 31151
397 31237
398 31267
399 31104
400 31017
401 30728
402 30744
403 30501
404 30197
405 29912
406 29666
407 29162
408 28621
409 27747
410 27320
411 26515
412 26000
413 25782
414 25390
415 25266
416 25467
417 26132
418 27048
419 27944
420 29282
421 30123
422 30598
423 30988
424 31320
425 31395
426 31232
427 31524
428 31368
429 31332
430 31498
431 31453
432 31336
433 31527
434 31440
435 31392
436 31264
437 31293
438 31292
439 31211
440 31199
441 31212
442 31195
443 30934
444 30711
445 30655
446 30346
447 29992
448 30000
449 29785
450 29628
451 29292
452 29276
453 29163
454 28593
455 28380
456 29201
457 29647
458 30278
459 30456
460 30460
461 30364
462 30087
463 29726
464 29496
465 29450
466 29154
467 28731
468 28479
469 28041
470 27834
471 28253
472 28319
473 28570
474 28326
475 28310
476 28032
477 28046
478 28115
479 28010
480 27607
481 27865
482 28414
483 29707
484 30252
485 30748
486 31195
487 31204
488 31260
489 31432
490 31313
491 31054
492 31087
493 31209
494 31322
495 31223
496 31230
497 31443
498 31397
499 31295
500 31291
501 31297
502 31023
503 30905
504 30866
505 30810
506 30763
507 30650
508 30476
509 30440
510 30356
511 30097
512 30210
513 30112
514 30156
515 30587
516 30779
517 30958
518 31049
519 31176
520 31387
521 31083
522 31239
523 31388
524 31397
525 31033
526 31122
527 30915
528 30773
529 30398
530 30321
531 30259
532 30026
533 29946
534 29943
535 29774
536 29563
537 29657
538 29932
539 30248
540 30710
541 30922
542 30819
543 30679
544 30272
545 30401
546 30144
547 29698
548 29515
549 29299
550 29153
551 29162
552 28465
553 28266
554 28468
555 28989
556 29789
557 30188
558 31070
559 31035
560 31350
561 31201
562 31147
563 31125
564 31348
565 31282
566 31037
567 31230
568 30955
569 30755
570 30412
571 30231
572 29860
573 29462
574 29312
575 29059
576 28896
577 28577
578 28165
579 27733
580 27874
581 28829
582 29711
583 30156
584 30462
585 30696
586 30827
587 30724
588 30703
589 30517
590 30624
591 30509
592 30518
593 30505
594 30351
595 30435
596 30123
597 30367
598 30261
599 30534
600 30560
601 30876
602 30912
603 30829
604 30864
605 31146
606 31185
607 30909
608 31052
609 30963
610 30891
611 30713
612 30595
613 30614
614 30074
615 30081
616 29800
617 29459
618 29519
619 29103
620 29057
621 28618
622 28780
623 28873
624 29417
625 29922
626 30031
627 30268
628 30291
629 29944
630 29615
631 29022
632 28705
633 27767
634 26859
635 26600
636 25874
637 25273
638 24549
639 24151
640 24301
641 24840
642 26438
643 27817
644 29047
645 29737
646 30149
647 30580
648 30417
649 30483
650 30517
651 30157
652 30025
653 29948
654 29677
655 29482
656 29007
657 28949
658 28644
659 28614
660 28159
661 27814
662 28338
663 29140
664 29793
665 30314
666 30608
667 30615
668 30877
669 31007
670 30864
671 30830
672 30617
673 30651
674 30394
675 30292
676 30281
677 29878
678 29796
679 29178
680 28747
681 28686
682 28253
683 28115
684 27912
685 27130
686 26654
687 26503
688 27157
689 27956
690 28220
691 28537
692 28760
693 28614
694 28318
695 28143
696 28166
697 27905
698 27916
699 28056
700 28377
701 28889
702 29228
703 29685
704 30145
705 30467
706 30526
707 30537
708 30554
709 30798
710 30733
711 30754
712 30747
713 30934
714 30767
715 30692
716 30586
717 30590
718 30419
719 30458
720 30551
721 30420
722 30457
723 30446
724 30220
725 30461
726 30511
727 30372
728 30418
729 30221
730 30470
731 30252
732 30084
733 30179
734 30130
735 30390
736 30220
737 30153
738 30426
739 30483
740 30449
741 30509
742 30548
743 30412
744 30293
745 29988
746 30091
747 29779
748 29537
749 29228
750 28924
751 28157
752 27228
753 26465
754 25620
755 24765
756 24140
757 22698
758 22134
759 21190
760 20963
761 20807
762 21178
763 22194
764 23706
765 25170
766 26506
767 27687
768 28146
769 28477
770 28576
771 28546
772 28402
773 28428
774 28373
775 28254
776 28032
777 27734
778 27855
779 29776
780 30273
781 31692
782 29472
783 29072
784 28831
785 28175
786 27479
787 26741
788 26118
789 25063
790 24775
791 24128
792 23505
793 22768
794 22589
795 22788
796 23597
797 24658
798 25940
799 26719
800 27394
801 27606
802 27487
803 27687
804 28359
805 29000
806 29613
807 30093
808 30363
809 30535
810 30386
811 30546
812 30569
813 30554
814 30634
815 30618
816 30564
817 30590
818 30506
819 30513
820 30398
821 30229
822 30342
823 30114
824 30075
825 30100
826 30160
827 30030
828 29834
829 30090
830 30134
831 29851
832 30048
833 30131
834 29978
835 29943
836 29859
837 30163
838 30110
839 30150
840 30384
841 30646
842 30302
843 30398
844 30615
845 30293
846 30372
847 30305
848 30402
849 30205
850 30200
851 30096
852 30137
853 29979
854 30078
855 30005
856 30103
857 30187
858 30287
859 30418
860 30340
861 30486
862 30584
863 30425
864 30591
865 30580
866 30545
867 30632
868 30676
869 30615
870 30507
871 30481
872 30481
873 30431
874 30387
875 30321
876 30238
877 30014
878 29934
879 29978
880 29993
881 29816
882 29650
883 29835
884 29730
885 29638
886 29617
887 29781
888 29917
889 29882
890 30152
891 30041
892 29897
893 29906
894 29536
895 29422
896 29272
897 28926
898 28873
899 28618
900 28491
901 28537
902 28208
903 28149
904 28637
905 29164
906 29603
907 29948
908 30205
909 30304
910 30241
911 30110
912 30125
913 30496
914 30328
915 30288
916 30194
917 30268
918 29918
919 29697
920 29643
921 29179
922 28995
923 28933
924 28736
925 28601
926 28595
927 28259
928 27985
929 28389
930 29041
931 29647
932 30133
933 30133
934 30296
935 30342
936 30259
937 30443
938 30433
939 30335
940 30303
941 30381
942 30351
943 30451
944 30344
945 30249
946 30294
947 30331
948 30196
949 30335
950 30300
951 30247
952 30370
953 30330
954 30396
955 30140
956 30279
957 30242
958 30168
959 30103
960 30252
961 30277
962 30233
963 30129
964 29985
965 30148
966 30134
967 29937
968 29894
969 30080
970 29733
971 30032
972 29818
973 30201
974 30145
975 30133
976 30121
977 30326
978 30337
979 30138
980 30352
981 30116
982 30074
983 30066
984 30215
985 30032
986 30219
987 30140
988 30099
989 30127
990 30217
991 30281
992 30086
993 29948
994 30011
995 30257
996 30038
997 29988
998 29810
999 29740
1000 29636
1001 29627
1002 29918
1003 29758
1004 29731
1005 29821
1006 30143
1007 30148
1008 30154
1009 30171
1010 30137
1011 30210
1012 30037
1013 30224
1014 29991
1015 29817
1016 29960
1017 29830
1018 29986
1019 29767
1020 29673
1021 29768
1022 29602
1023 29579
1024 29714
1025 29842
1026 29631
1027 29749
1028 29677
1029 29223
1030 28947
1031 28615
1032 28432
1033 28363
1034 28122
1035 27892
1036 27690
1037 27499
1038 27525
1039 27879
1040 28588
1041 28790
1042 29121
1043 29224
1044 28990
1045 29093
1046 28829
1047 28843
1048 28681
1049 28588
1050 28522
1051 28635
1052 28537
1053 28866
1054 28703
1055 28706
1056 28864
1057 28610
1058 28546
1059 28505
1060 28406
1061 28532
1062 28215
1063 28372
1064 28827
1065 29350
1066 29561
1067 29893
1068 29778
1069 30065
1070 29861
1071 29954
1072 29841
1073 29786
1074 29578
1075 29306
1076 29339
1077 29010
1078 29346
1079 28884
1080 28849
1081 28491
1082 28544
1083 28164
1084 28208
1085 27955
1086 27994
1087 28032
1088 27680
1089 27475
1090 27486
1091 27566
1092 27916
1093 28305
1094 28878
1095 29164
1096 29528
1097 29799
1098 29839
1099 29786
1100 30122
1101 30058
1102 29985
1103 29983
1104 30068
1105 30092
1106 29774
1107 29888
1108 29767
1109 29683
1110 29566
1111 29421
1112 29508
1113 29294
1114 29255
1115 29353
1116 29429
1117 29320
1118 29343
1119 29471
1120 29405
1121 29632
1122 29728
1123 29898
1124 29726
1125 29744
1126 29818
1127 29867
1128 29649
1129 29588
1130 29619
1131 29658
1132 29407
1133 29433
1134 29188
1135 29225
1136 29237
1137 29354
1138 29659
1139 29633
1140 29822
1141 30048
1142 30198
1143 30096
1144 29930
1145 29956
1146 30089
1147 29931
1148 30018
1149 30273
1150 30115
1151 30096
1152 30117
1153 30056
1154 30099
1155 30176
1156 30081
1157 30080
1158 30258
1159 30150
1160 30120
1161 30111
1162 29921
1163 30283
1164 30052
1165 30129
1166 29860
1167 29557
1168 30200
1169 29940
1170 29867
1171 29893
1172 29647
1173 29575
1174 29323
1175 29291
1176 29010
1177 29017
1178 29051
1179 28825
1180 28690
1181 28550
1182 28622
1183 28848
1184 28616
1185 28356
1186 27863
1187 27238
1188 26483
1189 25829
1190 25590
1191 24727
1192 24237
1193 23755
1194 23535
1195 23520
1196 24047
1197 24953
1198 25829
1199 26915
1200 27648
1201 28115
1202 28401
1203 28177
1204 27872
1205 28023
1206 27706
1207 27596
1208 27395
1209 26750
1210 26464
1211 26122
1212 25602
1213 25227
1214 24619
1215 24302
1216 23960
1217 24124
1218 24637
1219 25374
1220 26131
1221 27288
1222 27643
1223 28182
1224 28231
1225 28314
1226 27805
1227 30627
1228 27225
1229 26931
1230 26849
1231 26589
1232 26300
1233 26086
1234 26535
1235 27165
1236 27730
1237 28463
1238 28869
1239 29120
1240 29127
1241 28982
1242 28730
1243 28570
1244 28447
1245 28309
1246 28196
1247 28038
1248 28020
1249 27646
1250 27596
1251 28197
1252 28402
1253 28858
1254 28977
1255 29190
1256 29290
1257 29334
1258 29387
1259 29095
1260 29344
1261 29406
1262 29542
1263 29427
1264 29458
1265 29433
1266 29458
1267 29331
1268 30021
1269 29296
1270 28954
1271 28887
1272 28688
1273 28497
1274 28289
1275 28136
1276 27894
1277 27833
1278 27584
1279 27514
1280 27603
1281 27694
1282 28025
1283 28290
1284 28335
1285 28320
1286 28296
1287 28495
1288 28604
1289 28791
1290 28880
1291 28847
1292 28736
1293 28252
1294 28419
1295 27905
1296 27286
1297 25743
1298 25798
1299 25041
1300 23855
1301 23109
1302 22496
1303 21674
1304 21138
1305 20948
1306 21139
1307 22026
1308 22983
1309 24578
1310 25997
1311 27135
1312 28050
1313 28258
1314 28500
1315 28513
1316 28612
1317 28576
1318 28413
1319 28155
1320 27878
1321 27506
1322 27175
1323 26790
1324 26342
1325 26240
1326 25573
1327 25406
1328 25435
1329 25543
1330 25871
1331 26384
1332 26822
1333 27215
1334 27655
1335 27974
1336 28077
1337 28127
1338 28023
1339 27959
1340 27749
1341 27513
1342 27237
1343 27054
1344 26993
1345 26885
1346 26922
1347 27025
1348 27230
1349 27358
1350 27575
1351 27523
1352 27749
1353 27898
1354 27656
1355 27814
1356 27561
1357 27660
1358 27468
1359 27739
