0 32391
1 32221
2 31520
3 32045
4 32223
5 32383
6 32629
7 32752
8 32766
9 32499
10 32305
11 32062
12 31982
13 31580
14 31539
15 31263
16 31029
17 30477
18 29711
19 29033
20 28912
21 29292
22 29894
23 30214
24 30048
25 29823
26 29136
27 29062
28 29534
29 30204
30 30561
31 31129
32 31143
33 31164
34 31282
35 31133
36 31120
37 31328
38 31329
39 31065
40 31158
41 30832
42 30500
43 30125
44 30074
45 29464
46 29002
47 28649
48 28407
49 28589
50 29071
51 29203
52 29135
53 29691
54 30417
55 31199
56 31774
57 32046
58 31993
59 31791
60 31573
61 31227
62 30959
63 30839
64 30355
65 29955
66 29438
67 28717
68 27475
69 27060
70 26852
71 27312
72 27636
73 27726
74 27295
75 26536
76 26090
77 26147
78 26877
79 28180
80 29367
81 30440
82 31046
83 31444
84 31555
85 31674
86 31320
87 31295
88 31337
89 31141
90 31307
91 31269
92 31161
93 30611
94 30462
95 30432
96 30928
97 31495
98 31996
99 32114
100 32277
101 32412
102 32227
103 32273
104 32106
105 32210
106 32122
107 32081
108 31990
109 31760
110 31576
111 31394
112 31450
113 31119
114 31206
115 31071
116 31260
117 31025
118 30740
119 30301
120 30144
121 30554
122 31164
123 31706
124 32077
125 32155
126 32080
127 32032
128 32084
129 31854
130 31734
131 31564
132 31361
133 31049
134 30588
135 30249
136 29292
137 29533
138 28993
139 28787
140 28639
141 28513
142 28624
143 28393
144 28385
145 28291
146 28879
147 29468
148 29896
149 30141
150 30869
151 31354
152 31883
153 32187
154 32445
155 32507
156 32430
157 32593
158 32410
159 32468
160 32569
161 32312
162 32550
163 32434
164 32430
165 32436
166 32345
167 32261
168 32349
169 32212
170 32007
171 31957
172 31793
173 31751
174 31804
175 31678
176 31650
177 31501
178 31390
179 31044
180 30906
181 31102
182 31624
183 31898
184 32261
185 32349
186 32457
187 32347
188 32583
189 32468
190 32289
191 32476
192 32348
193 32405
194 32345
195 32109
196 32237
197 32226
198 31940
199 32037
200 31976
201 32002
202 31915
203 31669
204 31675
205 31650
206 31868
207 32046
208 32165
209 32133
210 32263
211 32159
212 32198
213 32218
214 32142
215 32009
216 31959
217 31887
218 31713
219 31741
220 31785
221 31784
222 31532
223 31594
224 30651
225 31149
226 31253
227 31518
228 31884
229 31877
230 32123
231 32149
232 31916
233 32008
234 31942
235 31788
236 31819
237 31487
238 31487
239 31076
240 30875
241 31067
242 30829
243 30617
244 30540
245 30293
246 30086
247 30192
248 30437
249 30478
250 30814
251 30709
252 30924
253 30641
254 30790
255 30523
256 30272
257 30309
258 30434
259 30634
260 31223
261 31553
262 31468
263 31984
264 32082
265 32076
266 32147
267 32096
268 32223
269 32009
270 32024
271 32317
272 32077
273 32173
274 32355
275 32294
276 32196
277 32167
278 32160
279 32102
280 32186
281 32062
282 32003
283 31968
284 32010
285 31867
286 32245
287 32020
288 31954
289 31967
290 32008
291 31804
292 31888
293 31618
294 32014
295 31844
296 31853
297 31756
298 32055
299 31799
300 31548
301 31673
302 31357
303 31380
304 31309
305 31310
306 31340
307 30921
308 30889
309 30528
310 30634
311 30911
312 31306
313 31403
314 31680
315 31547
316 31589
317 31763
318 31737
319 31742
320 31905
321 31779
322 31745
323 31830
324 31642
325 31816
326 31722
327 31602
328 31678
329 31776
330 31799
331 31979
332 32011
333 32021
334 32183
335 32144
336 32047
337 32103
338 32170
339 31950
340 32050
341 32192
342 32103
343 32133
344 32021
345 31951
346 31704
347 31747
348 31557
349 31602
350 31497
351 31534
352 31379
353 31199
354 30984
355 30754
356 30581
357 30679
358 30751
359 30788
360 30811
361 30952
362 30663
363 30337
364 30452
365 30743
366 31122
367 31493
368 31691
369 31825
370 31837
371 31677
372 32000
373 31786
374 31887
375 31904
376 31631
377 31643
378 31669
379 31528
380 31308
381 31082
382 30803
383 31014
384 30752
385 30712
386 30640
387 30374
388 30450
389 29959
390 29690
391 29847
392 30041
393 30541
394 31028
395 31102
396 31343
397 31359
398 31270
399 31357
400 30988
401 30820
402 30450
403 30173
404 30045
405 29669
406 29252
407 28753
408 28100
409 27815
410 27339
411 26964
412 26670
413 26155
414 25910
415 25734
416 26043
417 27054
418 27828
419 28777
420 29767
421 30304
422 31000
423 31253
424 31422
425 30924
426 31499
427 31398
428 31498
429 31520
430 31494
431 31639
432 31590
433 31499
434 31506
435 31448
436 31257
437 31215
438 31166
439 31389
440 31264
441 31002
442 31063
443 30864
444 30801
445 30856
446 30528
447 30175
448 30238
449 30062
450 30207
451 30078
452 29984
453 29434
454 29238
455 29705
456 30020
457 30597
458 30810
459 30826
460 30860
461 30662
462 30523
463 30504
464 30567
465 30188
466 30016
467 29791
468 29400
469 29233
470 29334
471 29076
472 29128
473 28970
474 28932
475 28792
476 28968
477 28813
478 28740
479 28458
480 28695
481 28970
482 29710
483 30264
484 30778
485 31146
486 31266
487 31300
488 31238
489 31315
490 31323
491 31300
492 31295
493 31182
494 31258
495 31175
496 31349
497 31298
498 31123
499 31197
500 31125
501 31098
502 30985
503 30964
504 30769
505 30587
506 30501
507 30458
508 30382
509 30347
510 30284
511 30325
512 30237
513 30465
514 30591
515 30765
516 31053
517 30956
518 31225
519 31359
520 31365
521 31199
522 31371
523 31084
524 31203
525 31250
526 31038
527 31121
528 30984
529 30821
530 30638
531 30805
532 30769
533 30595
534 30599
535 30495
536 30317
537 30544
538 30612
539 30889
540 30874
541 30778
542 30639
543 30361
544 30386
545 30092
546 30017
547 29856
548 29780
549 29518
550 29655
551 29277
552 29191
553 29080
554 29355
555 29834
556 30287
557 30797
558 30975
559 31045
560 31035
561 31145
562 31205
563 31302
564 31229
565 31082
566 31200
567 30805
568 30792
569 30576
570 30161
571 29902
572 29753
573 29712
574 29468
575 29498
576 29270
577 28892
578 28551
579 28575
580 28980
581 29555
582 30177
583 30156
584 30682
585 30771
586 30539
587 30715
588 30521
589 30556
590 30489
591 30449
592 30445
593 30337
594 30185
595 30275
596 30257
597 30125
598 30391
599 30414
600 30639
601 30740
602 30828
603 30895
604 30937
605 30942
606 31023
607 30971
608 30905
609 30979
610 30800
611 30749
612 30639
613 30582
614 30343
615 30405
616 30145
617 30374
618 30168
619 29848
620 29916
621 29733
622 29760
623 30026
624 30117
625 30096
626 30259
627 29866
628 29560
629 29148
630 28633
631 27975
632 27420
633 26809
634 26410
635 26079
636 25646
637 25011
638 24530
639 24399
640 24794
641 25825
642 26956
643 28252
644 29108
645 29860
646 30219
647 30368
648 30281
649 30245
650 30211
651 29941
652 29816
653 29648
654 29564
655 29435
656 29529
657 29397
658 29125
659 28834
660 28555
661 28637
662 29011
663 29627
664 30098
665 30325
666 30686
667 30573
668 30761
669 30572
670 30659
671 30550
672 30515
673 30297
674 30347
675 30255
676 29992
677 29712
678 29288
679 29031
680 28873
681 28819
682 28682
683 28405
684 28236
685 27596
686 27431
687 27446
688 27906
689 28108
690 28407
691 28454
692 28212
693 27994
694 28261
695 28235
696 28114
697 27902
698 28106
699 28311
700 28591
701 29065
702 29405
703 29866
704 30151
705 30297
706 30437
707 30543
708 30757
709 30558
710 30626
711 30880
712 30599
713 30487
714 30389
715 30345
716 30446
717 30414
718 30326
719 30329
720 30192
721 30369
722 30279
723 30281
724 30266
725 30216
726 30381
727 30312
728 30356
729 30184
730 30222
731 30426
732 30127
733 29947
734 30104
735 30012
736 30026
737 30274
738 30390
739 30233
740 30233
741 30337
742 30215
743 30205
744 30001
745 29790
746 29678
747 29488
748 29089
749 28542
750 27900
751 26926
752 26187
753 25426
754 24381
755 21833
756 23093
757 22574
758 22026
759 21527
760 21197
761 21355
762 22067
763 23086
764 24614
765 25946
766 27056
767 27660
768 28262
769 28419
770 28685
771 28626
772 28694
773 28728
774 28672
775 28583
776 28358
777 28134
778 28527
779 28806
780 29019
781 29206
782 28755
783 28382
784 27952
785 27223
786 26588
787 26073
788 25519
789 24987
790 24717
791 23843
792 23187
793 22788
794 22914
795 23406
796 24662
797 25714
798 26902
799 27630
800 28161
801 28238
802 28206
803 28496
804 29130
805 29590
806 29989
807 30301
808 30357
809 30493
810 30357
811 30492
812 30467
813 30564
814 30511
815 30464
816 30449
817 30371
818 30325
819 30279
820 30147
821 30121
822 30173
823 30114
824 29948
825 30086
826 29754
827 29931
828 30038
829 30006
830 29913
831 29961
832 29931
833 30039
834 29868
835 29674
836 29766
837 30073
838 30137
839 30182
840 30312
841 30365
842 30486
843 30525
844 30225
845 30251
846 30196
847 30189
848 29997
849 30237
850 30132
851 29890
852 30068
853 30151
854 30241
855 30190
856 30172
857 30179
858 30369
859 30230
860 30293
861 30603
862 30468
863 30368
864 30448
865 30499
866 30398
867 30237
868 30363
869 30272
870 30507
871 30474
872 30405
873 30338
874 30284
875 30173
876 30200
877 30004
878 30264
879 29767
880 29969
881 29941
882 29832
883 29840
884 29735
885 29796
886 29832
887 29754
888 29957
889 29799
890 29887
891 29693
892 29745
893 29649
894 29352
895 29367
896 29148
897 29109
898 29051
899 29033
900 28995
901 28764
902 28734
903 28834
904 29126
905 29684
906 29856
907 30106
908 30213
909 30362
910 30289
911 30271
912 30226
913 30134
914 30214
915 30217
916 30118
917 29898
918 29773
919 29546
920 29479
921 29302
922 29249
923 29260
924 29133
925 29144
926 29010
927 28806
928 28873
929 29258
930 29700
931 29813
932 30175
933 30213
934 30148
935 30281
936 30366
937 30421
938 30315
939 30307
940 30378
941 30356
942 30460
943 30316
944 30409
945 30280
946 30289
947 30323
948 30364
949 30215
950 30237
951 30261
952 30221
953 30416
954 30220
955 30328
956 30257
957 30096
958 30122
959 30026
960 29992
961 30017
962 30036
963 29986
964 30110
965 30054
966 30016
967 29770
968 29777
969 29759
970 29860
971 30035
972 29933
973 29958
974 30013
975 30125
976 30164
977 30258
978 30270
979 30109
980 30136
981 30230
982 30153
983 30214
984 30218
985 30137
986 30198
987 30052
988 30169
989 30219
990 30199
991 29931
992 29972
993 29973
994 30000
995 30026
996 29808
997 29921
998 29874
999 29846
1000 29747
1001 29856
1002 29686
1003 29834
1004 29846
1005 30108
1006 30037
1007 30120
1008 30237
1009 30179
1010 30246
1011 30104
1012 30164
1013 29963
1014 30039
1015 30115
1016 30188
1017 29963
1018 30024
1019 29994
1020 29959
1021 29799
1022 29910
1023 29982
1024 29868
1025 29759
1026 29683
1027 29509
1028 29381
1029 29239
1030 28933
1031 28775
1032 28546
1033 28793
1034 28221
1035 28008
1036 27951
1037 27970
1038 28129
1039 28377
1040 28829
1041 28981
1042 29124
1043 29181
1044 29107
1045 28983
1046 28950
1047 28901
1048 28734
1049 28628
1050 28637
1051 28758
1052 28800
1053 28779
1054 28933
1055 29149
1056 28982
1057 29150
1058 29179
1059 28915
1060 28963
1061 28808
1062 28769
1063 29003
1064 29454
1065 29744
1066 29763
1067 29831
1068 30004
1069 29826
1070 30025
1071 29767
1072 29662
1073 29626
1074 29357
1075 29418
1076 29225
1077 29249
1078 28945
1079 28832
1080 28622
1081 28430
1082 28138
1083 28101
1084 27881
1085 27953
1086 27979
1087 27932
1088 27814
1089 27475
1090 27680
1091 27763
1092 28129
1093 28908
1094 29225
1095 29478
1096 29667
1097 29833
1098 29918
1099 30090
1100 29960
1101 30007
1102 30008
1103 30111
1104 29889
1105 29909
1106 29916
1107 29822
1108 29643
1109 29603
1110 29575
1111 29507
1112 29437
1113 29402
1114 29239
1115 29403
1116 29283
1117 29741
1118 29639
1119 29668
1120 29824
1121 29807
1122 29990
1123 29936
1124 29829
1125 29745
1126 29843
1127 29795
1128 29703
1129 29788
1130 29673
1131 29554
1132 29526
1133 29618
1134 29564
1135 29539
1136 29700
1137 29673
1138 29766
1139 29850
1140 29919
1141 30019
1142 29932
1143 29960
1144 29929
1145 29879
1146 29895
1147 29955
1148 30147
1149 29959
1150 30014
1151 30034
1152 29899
1153 30213
1154 30101
1155 30076
1156 30046
1157 30053
1158 30011
1159 30048
1160 29912
1161 30007
1162 29982
1163 29836
1164 29962
1165 30000
1166 29795
1167 29878
1168 30055
1169 29831
1170 29720
1171 29495
1172 29671
1173 29491
1174 29402
1175 29266
1176 29408
1177 29274
1178 29105
1179 28834
1180 28586
1181 28659
1182 28463
1183 28448
1184 28190
1185 27538
1186 26925
1187 26429
1188 25784
1189 25387
1190 24997
1191 24681
1192 24247
1193 23932
1194 23760
1195 24053
1196 24813
1197 25552
1198 26608
1199 27510
1200 28169
1201 28457
1202 28490
1203 28434
1204 28043
1205 27771
1206 27416
1207 27170
1208 26862
1209 26416
1210 26007
1211 25711
1212 25288
1213 24715
1214 24570
1215 24270
1216 24238
1217 24541
1218 25161
1219 25711
1220 26513
1221 27209
1222 27753
1223 27681
1224 27795
1225 27709
1226 28518
1227 27245
1228 27227
1229 26870
1230 26677
1231 26512
1232 26501
1233 26477
1234 27098
1235 27533
1236 28233
1237 28705
1238 29168
1239 29143
1240 29208
1241 29112
1242 28978
1243 29015
1244 28819
1245 29027
1246 28837
1247 28703
1248 28740
1249 28749
1250 28782
1251 28935
1252 29219
1253 29318
1254 29187
1255 29369
1256 29371
1257 29425
1258 29184
1259 29354
1260 29581
1261 29384
1262 29602
1263 29520
1264 29601
1265 29612
1266 29504
1267 29726
1268 29422
1269 29239
1270 29275
1271 29009
1272 28996
1273 29052
1274 28845
1275 28690
1276 28677
1277 28553
1278 28435
1279 28436
1280 28534
1281 28651
1282 28844
1283 28705
1284 28678
1285 28866
1286 28781
1287 28772
1288 28972
1289 28887
1290 28750
1291 28659
1292 28492
1293 28094
1294 27588
1295 26904
1296 25589
1297 25444
1298 24481
1299 23675
1300 23243
1301 22801
1302 22262
1303 21839
1304 21527
1305 21452
1306 21926
1307 22981
1308 24076
1309 25326
1310 26574
1311 27616
1312 28114
1313 28439
1314 28556
1315 28599
1316 28503
1317 28327
1318 28083
1319 27794
1320 27363
1321 27020
1322 26756
1323 26515
1324 26306
1325 26086
1326 25842
1327 25882
1328 25751
1329 26041
1330 26378
1331 26863
1332 27296
1333 27599
1334 27973
1335 28106
1336 27950
1337 28129
1338 27924
1339 27757
1340 27692
1341 27567
1342 27341
1343 27149
1344 27030
1345 26906
1346 26992
1347 27013
1348 27393
1349 27427
1350 27789
1351 27879
1352 28008
1353 28172
1354 28155
1355 28040
1356 28023
1357 28125
1358 28169
1359 28458
1360 28534
